0.026368 0.028344
0.031857 0.028344
0.034053 0.029662
0.034053 0.028344
0.030760 0.028344
0.028564 0.028344
0.034053 0.028344
0.034053 0.028344
0.040637 0.028344
0.032955 0.025269
0.031857 0.026368
0.034053 0.028344
0.039540 0.025269
0.032955 0.028344
0.041734 0.028344
0.037345 0.028344
0.034053 0.028344
0.026368 0.028344
0.039540 0.028344
0.034053 0.029662
0.032955 0.031857
0.034931 0.025269
0.030760 0.035150
0.034711 0.028783
0.034053 0.027466
0.033833 0.027466
0.036248 0.027466
0.033833 0.027466
0.031857 0.028564
0.030760 0.026587
0.033614 0.027466
0.034053 0.028564
0.031857 0.032955
0.032955 0.031857
0.034711 0.028564
0.029662 0.028564
0.031857 0.025269
0.034711 0.027685
0.027466 0.026807
0.034711 0.026807
0.034053 0.026807
0.032955 0.032955
0.028564 0.028124
0.034053 0.026367
0.034053 0.028124
0.034492 0.029442
0.033833 0.035150
0.036248 0.023073
0.035150 0.031418
0.034492 0.031418
0.035150 0.031857
0.042831 0.032296
0.041734 0.032296
0.035809 0.032296
0.031857 0.036248
0.042831 0.027466
0.036028 0.032296
0.036467 0.032955
0.036467 0.032955
0.036467 0.031857
0.037345 0.032955
0.032955 0.032955
0.036028 0.032735
0.036248 0.040637
0.036467 0.033394
0.029662 0.028564
0.037126 0.034272
0.037565 0.034492
0.038443 0.034492
0.036248 0.032955
0.037565 0.032735
0.037565 0.032735
0.037565 0.032077
0.037345 0.031857
0.036248 0.032735
0.032955 0.035150
0.041734 0.032735
0.037126 0.033614
0.031857 0.027466
0.037126 0.035370
0.032955 0.036687
0.035150 0.035370
0.036906 0.035370
0.036906 0.039540
0.045024 0.036248
0.036687 0.034272
0.038443 0.034272
0.028564 0.033394
0.034053 0.031857
0.036248 0.031857
0.028564 0.034053
0.040637 0.034053
0.028564 0.035150
0.036028 0.034053
0.032955 0.034053
0.040637 0.035150
0.042831 0.035809
0.038443 0.038443
0.034053 0.034053
0.028564 0.034272
0.036248 0.032955
0.035150 0.035370
0.034931 0.035370
0.037345 0.040637
0.026368 0.033394
0.031857 0.028564
0.035150 0.028564
0.033833 0.033394
0.030760 0.034492
0.037345 0.040637
0.036248 0.037345
0.034272 0.037126
0.040637 0.037126
0.037345 0.037126
0.034272 0.038223
0.032955 0.038223
0.032955 0.038223
0.035150 0.036248
0.030760 0.037345
0.034272 0.038223
0.034053 0.036906
0.032955 0.036906
0.030760 0.036906
0.034053 0.031857
0.032955 0.029662
0.030760 0.036906
0.034272 0.039540
0.034053 0.039101
0.038443 0.039101
0.034053 0.039101
0.033394 0.039540
0.032955 0.039979
0.033175 0.039540
0.037345 0.039540
0.032955 0.040417
0.032955 0.040417
0.032955 0.040417
0.032955 0.041514
0.030760 0.038443
0.032955 0.041514
0.031857 0.032955
0.032736 0.039540
0.032955 0.040417
0.032736 0.041295
0.032516 0.041295
0.027466 0.045024
0.032516 0.042831
0.032516 0.041295
0.032955 0.031857
0.032955 0.038662
0.027466 0.039540
0.026368 0.040637
0.035150 0.035150
0.029222 0.039320
0.029662 0.038442
0.024171 0.037126
0.028564 0.038442
0.030760 0.034053
0.031857 0.034053
0.028564 0.037564
0.029442 0.039320
0.028564 0.039320
0.027466 0.043928
0.028564 0.036687
0.027685 0.036687
0.034053 0.032955
0.029003 0.036687
0.029442 0.035589
0.030320 0.034492
0.029442 0.038443
0.029222 0.035589
0.029881 0.034492
0.025269 0.033614
0.037345 0.028564
0.030320 0.032736
0.030759 0.031638
0.023073 0.031638
0.030320 0.030540
0.030540 0.029662
0.031857 0.029003
0.030979 0.031857
0.031418 0.028564
0.034053 0.036248
0.032296 0.029662
0.035150 0.029662
0.029662 0.028564
0.029662 0.030760
0.031857 0.031198
0.034053 0.032955
0.029662 0.034931
0.031857 0.027466
0.035589 0.032955
0.035589 0.034931
0.035150 0.034931
0.035809 0.034931
0.029662 0.038443
0.029662 0.034931
0.038443 0.027466
0.031857 0.028564
0.039540 0.041075
0.036687 0.037784
0.040637 0.039759
0.038443 0.048314
0.039540 0.039539
0.037126 0.037345
0.036248 0.049410
0.034053 0.039978
0.038004 0.040636
0.041734 0.040636
0.042831 0.040636
0.040637 0.040636
0.039101 0.040636
0.039101 0.040636
0.031857 0.039978
0.038662 0.039978
0.038662 0.041953
0.047218 0.041733
0.039540 0.041733
0.038881 0.042172
0.038881 0.042172
0.039540 0.041734
0.030760 0.042172
0.037345 0.035150
0.031857 0.047218
0.036687 0.040198
0.036687 0.042172
0.034053 0.038443
0.036467 0.039101
0.035370 0.039101
0.035370 0.039101
0.034711 0.039101
0.031857 0.039101
0.032955 0.043928
0.035150 0.037125
0.040637 0.039101
0.035809 0.039101
0.035809 0.039101
0.028564 0.039540
0.032955 0.027466
0.035150 0.034491
0.035370 0.034491
0.035150 0.029662
0.034053 0.034491
0.043928 0.035150
0.035370 0.033394
0.031857 0.034272
0.035150 0.040637
0.035370 0.041734
0.035370 0.034711
0.035589 0.034711
0.040637 0.034711
0.036028 0.036248
0.036248 0.031857
0.039540 0.036248
0.035150 0.029662
0.045024 0.035809
0.036687 0.036906
0.031857 0.037345
0.042831 0.038223
0.037345 0.038662
0.036906 0.038004
0.038443 0.038443
0.037345 0.038004
0.035150 0.038004
0.036248 0.034053
0.036906 0.038004
0.032955 0.038004
0.037345 0.031857
0.038443 0.037126
0.036906 0.036248
0.041734 0.037126
0.031857 0.041734
0.037345 0.037126
0.037345 0.038004
0.036248 0.037345
0.041734 0.037345
0.040637 0.038004
0.034053 0.038443
0.036248 0.039540
0.037126 0.039101
0.036906 0.039101
0.036906 0.039101
0.035150 0.039759
0.042831 0.038881
0.030760 0.039759
0.036906 0.039759
0.036906 0.039759
0.038443 0.035150
0.036906 0.039759
0.036687 0.038881
0.036248 0.038881
0.040637 0.038223
0.036248 0.037345
0.037345 0.038223
0.029662 0.039540
0.035150 0.040637
0.035589 0.038442
0.035589 0.037345
0.036028 0.037345
0.031857 0.037565
0.035150 0.037565
0.035370 0.037565
0.035370 0.037565
0.039540 0.037565
0.035150 0.035589
0.027466 0.037565
0.037345 0.037345
0.032955 0.037565
0.035370 0.036686
0.034053 0.036686
0.035370 0.034052
0.035150 0.031418
0.035150 0.028783
0.038443 0.025928
0.031857 0.024171
0.034053 0.025928
0.034931 0.025928
0.034711 0.023072
0.034931 0.020876
0.034711 0.023072
0.035150 0.023292
0.041734 0.026368
0.034053 0.021095
0.030760 0.020876
0.040637 0.023951
0.035809 0.027465
0.037345 0.030539
0.034053 0.027465
0.028564 0.027465
0.043928 0.030539
0.036248 0.027465
0.032955 0.028783
0.030760 0.028783
0.031857 0.025928
0.037345 0.023292
0.038443 0.021535
0.032955 0.014285
0.033833 0.017140
0.030760 0.013186
0.029662 0.013186
0.033175 0.013186
0.039540 0.010109
0.032516 0.010109
0.031857 0.007472
0.032516 0.004835
0.031857 0.004835
0.032516 0.006154
0.031857 0.006154
0.029662 0.006154
0.026368 0.006154
0.025269 0.005055
0.026368 0.007692
0.030760 0.007692
0.025269 0.010109
0.030759 0.007692
0.029881 0.009670
0.029881 0.006593
0.029442 0.004835
0.029442 0.004835
0.021974 0.002857
0.035150 0.002857
0.027466 0.004835
0.028564 0.002857
0.028564 0.000879
0.028564 -0.001319
0.035150 -0.003516
0.027466 -0.003516
0.030760 -0.001319
0.028124 -0.003516
0.028124 -0.003516
0.032955 -0.004395
0.028564 -0.004395
0.028783 -0.003077
0.023073 -0.003077
0.029881 -0.003077
0.032955 0.000000
0.028564 0.002198
0.032077 0.003736
0.027466 0.003736
0.029662 0.002198
0.032955 0.002198
0.032955 0.000000
0.032955 0.000000
0.027466 0.002198
0.031857 0.003516
0.027466 0.000879
0.040637 -0.002857
0.033175 -0.002857
0.028564 -0.002637
0.034492 -0.005055
0.034492 -0.005055
0.035150 -0.009450
0.036248 -0.005055
0.034931 -0.005055
0.031857 -0.002198
0.040637 -0.002198
0.035589 0.002857
0.035589 0.004395
0.028564 0.010109
0.037345 0.013186
0.037345 0.011428
0.035809 0.011428
0.035809 0.014504
0.032955 0.016702
0.037345 0.017581
0.036248 0.018899
0.035809 0.019778
0.036248 0.016702
0.035150 0.016702
0.035589 0.018240
0.030760 0.018240
0.035150 0.018240
0.043928 0.018240
0.035150 0.019558
0.032955 0.019558
0.040637 0.019558
0.031857 0.017581
0.036248 0.015383
0.026368 0.016702
0.034711 0.016702
0.027466 0.016702
0.034711 0.016702
0.035370 0.012526
0.032955 0.007692
0.029662 0.007692
0.035370 0.007692
0.026368 0.009010
0.034931 0.007252
0.029662 0.002857
0.034711 0.007252
0.034711 0.007252
0.030760 0.010988
0.030760 0.008131
0.034053 0.008131
0.032955 0.003296
0.035370 -0.001319
0.034272 -0.005714
0.034272 -0.005714
0.032955 -0.005714
0.038443 -0.010548
0.033614 -0.010548
0.040637 -0.016480
0.034053 -0.016480
0.034492 -0.016480
0.035589 -0.016480
0.032955 -0.016480
0.034053 -0.016480
0.036906 -0.018457
0.036906 -0.024827
0.038442 -0.030977
0.038003 -0.030977
0.036687 -0.030977
0.036687 -0.030977
0.041734 -0.030977
0.036687 -0.025925
0.032955 -0.021312
0.035589 -0.015601
0.026368 -0.010109
0.037345 -0.008791
0.033833 -0.007253
0.033614 -0.005934
0.032955 -0.002418
0.027466 0.000879
0.031418 0.006153
0.032296 0.006153
0.032296 0.006153
0.030760 0.004835
0.031638 0.007252
0.030759 0.013624
0.030979 0.008790
0.026368 0.014943
0.029662 0.009889
0.034053 0.014943
0.029662 0.009889
0.034053 0.012087
0.030760 0.012306
0.029662 0.016921
0.032516 0.016921
0.032516 0.017799
0.032516 0.017799
0.028564 0.017799
0.031857 0.017799
0.031418 0.017799
0.034053 0.017799
0.030979 0.014284
0.030540 0.017799
0.030320 0.018239
0.030320 0.018239
0.030760 0.018239
0.030101 0.022632
0.036248 0.024171
0.029662 0.028781
0.036248 0.024607
0.032955 0.019118
0.035150 0.026144
0.032955 0.024167
0.031857 0.025269
0.030320 0.032945
0.036248 0.032945
0.030760 0.024167
0.027466 0.017141
0.030760 0.017141
0.028564 0.017141
0.027466 0.016042
0.031199 0.014065
0.026368 0.014065
0.032955 0.014065
0.037345 0.014065
0.025269 0.014065
0.030979 0.018679
0.031638 0.014065
0.031857 0.014065
0.029662 0.015383
0.030320 0.014065
0.037345 0.015383
0.035150 0.018899
0.032955 0.018899
0.028124 0.015823
0.028124 0.013845
0.025269 0.013845
0.030760 0.013845
0.028564 0.015164
0.027466 0.013406
0.029881 0.015164
0.030759 0.015164
0.030759 0.015164
0.025269 0.015164
0.031418 0.015164
0.030759 0.017141
0.036248 0.017141
0.031418 0.015383
0.032077 0.015383
0.031638 0.015383
0.032296 0.017580
0.031638 0.013845
0.031638 0.016042
0.024171 0.011647
0.031638 0.016042
0.031857 0.015822
0.029662 0.019557
0.038443 0.022853
0.037345 0.019557
0.034053 0.019557
0.034711 0.017140
0.034711 0.020875
0.034711 0.024610
0.035150 0.027246
0.034931 0.027246
0.034711 0.027246
0.036248 0.024610
0.032955 0.031857
0.035589 0.027466
0.032955 0.026368
0.028564 0.027466
0.043928 0.027466
0.035589 0.026587
0.035589 0.025709
0.034053 0.025269
0.032955 0.028564
0.035150 0.026368
0.045024 0.028124
0.040637 0.029662
0.037565 0.029881
0.043928 0.029881
0.036248 0.030540
0.034053 0.029881
0.032955 0.036248
0.035150 0.034053
0.036467 0.030979
0.036467 0.026368
0.039540 0.029662
0.036248 0.029881
0.037126 0.030540
0.037126 0.030540
0.042831 0.030540
0.037126 0.024171
0.036248 0.030540
0.039540 0.030760
0.039540 0.036248
0.041734 0.031857
0.030760 0.031418
0.036248 0.030760
0.035150 0.032955
0.035150 0.031857
0.038443 0.031857
0.031857 0.032955
0.032955 0.031857
0.035150 0.031418
0.035370 0.031199
0.035150 0.031418
0.035150 0.025269
0.035150 0.031418
0.029662 0.031199
0.042831 0.031199
0.032955 0.030979
0.035150 0.030979
0.038443 0.031857
0.030760 0.030979
0.034711 0.030320
0.032955 0.030760
0.031857 0.031857
0.028564 0.030320
0.032955 0.032955
0.032955 0.030101
0.030760 0.030101
0.035150 0.023073
0.038443 0.030760
0.041734 0.029222
0.039540 0.029222
0.040637 0.025269
0.035150 0.030101
0.029662 0.027466
0.040637 0.030979
0.033175 0.030979
0.028564 0.030979
0.031857 0.027466
0.036248 0.027466
0.033394 0.030101
0.034053 0.029222
0.032955 0.028564
0.034053 0.034053
0.032955 0.034053
0.034053 0.029662
0.036248 0.027905
0.033614 0.025269
0.033833 0.028564
0.033833 0.029442
0.038443 0.028783
0.025269 0.030101
0.033614 0.030101
0.035150 0.031857
0.029662 0.034053
0.033614 0.032735
0.034053 0.027466
0.039540 0.035589
0.029662 0.035589
0.034053 0.043928
0.028564 0.036687
0.034272 0.038442
0.034492 0.039539
0.034492 0.039759
0.027466 0.039759
0.034711 0.041734
0.034711 0.041734
0.034053 0.039759
0.037345 0.039759
0.034711 0.039759
0.034492 0.038003
0.035150 0.039540
0.034492 0.033613
0.034053 0.038443
0.034711 0.035150
0.034711 0.036905
0.034711 0.039978
0.031857 0.039978
0.034053 0.039978
0.034711 0.041734
0.037345 0.039978
0.035150 0.042831
0.027466 0.043928
0.027466 0.041734
0.035150 0.041734
0.027466 0.041734
0.031857 0.039978
0.027466 0.038223
0.039540 0.036687
0.034053 0.035150
0.034711 0.035589
0.034053 0.035589
0.033394 0.033613
0.034053 0.035589
0.033614 0.033613
0.032955 0.032296
0.031857 0.032296
0.028564 0.025269
0.036248 0.032296
0.035150 0.035150
0.029662 0.035150
0.029442 0.029003
0.029003 0.027246
0.029442 0.027246
0.029442 0.027246
0.029662 0.026587
0.031857 0.028564
0.029442 0.028344
0.029442 0.030100
0.029003 0.030100
0.028783 0.028563
0.028344 0.030540
0.028344 0.030540
0.028344 0.030540
0.027685 0.028563
0.027685 0.028563
0.028564 0.027246
0.027685 0.027246
0.028564 0.027466
0.030760 0.029003
0.027466 0.021974
0.026807 0.024830
0.026807 0.026587
0.026807 0.024830
0.025269 0.023512
0.026367 0.023512
0.026367 0.023512
0.025489 0.023512
0.024830 0.023512
0.028564 0.027466
0.024171 0.025049
0.026367 0.025049
0.034053 0.025049
0.021974 0.025049
0.027246 0.025049
0.024171 0.027466
0.027905 0.025049
0.028564 0.026807
0.032955 0.025049
0.030760 0.025489
0.025489 0.025489
0.030760 0.024390
0.028564 0.027465
0.024171 0.020876
0.026368 0.030759
0.029662 0.029662
0.026367 0.027465
0.026367 0.027465
0.027246 0.027465
0.027246 0.030759
0.029662 0.032954
0.027466 0.030539
0.028564 0.032296
0.027466 0.034491
0.028564 0.034711
0.029222 0.031857
0.024171 0.032955
0.029442 0.034711
0.029442 0.038443
0.028783 0.033174
0.027685 0.033174
0.028783 0.033174
0.028783 0.030759
0.027905 0.030759
0.029003 0.030759
0.029881 0.030759
0.032955 0.029661
0.029662 0.027246
0.032077 0.027246
0.033175 0.028124
0.030760 0.026368
0.032955 0.025928
0.033175 0.025928
0.035150 0.030760
0.029662 0.021974
0.034053 0.025050
0.037345 0.025050
0.034492 0.025050
0.034492 0.025050
0.034492 0.025050
0.041734 0.026148
0.033394 0.027465
0.034053 0.026148
0.041734 0.023073
0.033175 0.026148
0.036248 0.024171
0.033394 0.027905
0.034053 0.027905
0.039540 0.027466
0.038443 0.025709
0.036248 0.028564
0.034492 0.026148
0.035150 0.023073
0.035150 0.024171
0.034492 0.025050
0.040637 0.025050
0.041734 0.025050
0.034931 0.019778
0.026368 0.025050
0.029662 0.026148
0.031857 0.027026
0.040637 0.027026
0.035370 0.028124
0.034053 0.035150
0.032955 0.026368
0.035589 0.029003
0.030760 0.029662
0.035589 0.030320
0.035809 0.030979
0.035809 0.030979
0.034053 0.029662
0.035589 0.031638
0.035809 0.031638
0.032955 0.038443
0.036028 0.031638
0.036028 0.031638
0.036248 0.030760
0.034053 0.028564
0.035150 0.035150
0.035150 0.032955
0.039540 0.031418
0.037345 0.030760
0.036248 0.031418
0.039540 0.031857
0.037345 0.031857
0.036687 0.031418
0.037345 0.035150
0.036248 0.032955
0.036248 0.027466
0.032955 0.035150
0.037345 0.031418
0.038443 0.024171
0.035150 0.029662
0.040637 0.025269
0.028564 0.031418
0.036467 0.031418
0.032955 0.038443
0.029662 0.031857
0.038443 0.031857
0.032955 0.031857
0.037345 0.036248
0.040637 0.031418
0.036906 0.031199
0.040637 0.034053
0.035150 0.034053
0.042831 0.029881
0.035150 0.029662
0.036028 0.029662
0.035150 0.024171
0.035150 0.030760
0.037345 0.029003
0.032955 0.037345
0.034053 0.029662
0.039540 0.031199
0.036467 0.032077
0.038443 0.039540
0.031857 0.032077
0.040637 0.031199
0.041734 0.030540
0.035809 0.031199
0.030760 0.030759
0.035809 0.030759
0.042831 0.030759
0.028564 0.031638
0.042831 0.023073
0.031857 0.030760
0.031857 0.027465
0.036248 0.027465
0.034053 0.029662
0.034053 0.032955
0.036906 0.027246
0.041734 0.027246
0.037345 0.027246
0.039540 0.027685
0.036248 0.027685
0.035150 0.029661
0.035150 0.027685
0.035150 0.028563
0.035150 0.035150
0.041734 0.031199
0.035589 0.032077
0.035589 0.031199
0.034053 0.031199
0.035589 0.031199
0.040637 0.032077
0.035150 0.032077
0.040637 0.039540
0.035370 0.032077
0.034931 0.032077
0.027466 0.031857
0.034931 0.032516
0.034053 0.031418
0.032955 0.034053
0.035150 0.030101
0.034053 0.028344
0.037345 0.028344
0.041734 0.027466
0.037345 0.030101
0.036248 0.030760
0.039540 0.038443
0.031857 0.031418
0.038443 0.030979
0.034711 0.030979
0.035150 0.030979
0.034711 0.030979
0.028564 0.038443
0.035150 0.030760
0.033614 0.030979
0.027466 0.031857
0.033614 0.030979
0.035150 0.029662
0.034272 0.031418
0.033833 0.030101
0.033174 0.029003
0.040637 0.029003
0.032077 0.028124
0.030540 0.028124
0.030320 0.028783
0.029003 0.027465
0.029003 0.027465
0.029003 0.031857
0.029442 0.026368
0.028344 0.034053
0.027466 0.024171
0.028344 0.029003
0.029661 0.030540
0.029442 0.029003
0.029442 0.029661
0.030759 0.030320
0.032296 0.030320
0.032296 0.033613
0.032516 0.032954
0.029662 0.026368
0.032516 0.030320
0.034053 0.031638
0.034053 0.031638
0.034053 0.031638
0.034492 0.032955
0.033174 0.031638
0.034053 0.031638
0.035370 0.032955
0.028564 0.042831
0.034492 0.038003
0.034492 0.037125
0.035589 0.037125
0.035589 0.037125
0.036687 0.037125
0.036248 0.029662
0.034492 0.034271
0.028564 0.037125
0.036687 0.040636
0.036248 0.040636
0.037126 0.042172
0.039540 0.044585
0.036028 0.042172
0.039540 0.036248
0.031857 0.047218
0.037784 0.040856
0.037784 0.040856
0.037345 0.043928
0.043928 0.036467
0.037784 0.034272
0.037784 0.032077
0.041734 0.026368
0.037784 0.036467
0.046121 0.036467
0.037784 0.038881
0.029662 0.038881
0.037784 0.041514
0.036248 0.038881
0.042831 0.038881
0.036248 0.040637
0.035370 0.041514
0.035809 0.041734
0.035809 0.043708
0.034272 0.043708
0.034272 0.040637
0.031857 0.044366
0.034272 0.044366
0.034272 0.044366
0.032735 0.043049
0.032735 0.043049
0.032735 0.043049
0.031857 0.046121
0.030759 0.043049
0.030759 0.045901
0.030320 0.052698
0.030759 0.045682
0.031638 0.045682
0.029662 0.051603
0.029662 0.041295
0.029662 0.039101
0.034053 0.037345
0.029662 0.038442
0.026368 0.039540
0.029881 0.041295
0.029881 0.041295
0.023073 0.040637
0.031199 0.040637
0.031199 0.043050
0.031199 0.043050
0.031199 0.051603
0.030760 0.043050
0.031199 0.043050
0.030979 0.041294
0.029662 0.038442
0.030979 0.035150
0.034053 0.028564
0.031857 0.041734
0.031857 0.038004
0.031857 0.036248
0.031857 0.037345
0.031857 0.036248
0.027466 0.040637
0.030979 0.035809
0.034053 0.026368
0.038443 0.033175
0.032077 0.033175
0.032077 0.033175
0.031199 0.033175
0.032077 0.033175
0.032077 0.033175
0.032735 0.032516
0.030760 0.031857
0.032735 0.033175
0.033394 0.033175
0.034272 0.031857
0.041734 0.030540
0.033614 0.031857
0.029662 0.028564
0.034272 0.031857
0.039540 0.031857
0.034053 0.035150
0.034272 0.030320
0.034272 0.029662
0.034272 0.031857
0.030760 0.029662
0.029662 0.030320
0.034053 0.030320
0.035150 0.024171
0.036248 0.030320
0.034053 0.031857
0.034053 0.030320
0.034053 0.030320
0.034053 0.030320
0.041734 0.030540
0.040637 0.028564
0.028564 0.031199
0.032955 0.037345
0.034053 0.030540
0.036248 0.028564
0.038443 0.030760
0.031857 0.029881
0.029662 0.029222
0.039540 0.021974
0.033614 0.027905
0.032955 0.034053
0.032955 0.027905
0.032955 0.027905
0.033394 0.026367
0.032955 0.027465
0.032516 0.027465
0.031857 0.025708
0.025269 0.025708
0.036248 0.029662
0.037345 0.021095
0.031857 0.021095
0.025269 0.018679
0.029662 0.016921
0.038443 0.016921
0.038443 0.016482
0.030540 0.016482
0.030101 0.013405
0.029662 0.012307
0.029881 0.010109
0.030760 0.010109
0.029881 0.010109
0.025269 0.010109
0.034053 0.013845
0.031857 0.013845
0.029662 0.013845
0.030540 0.013845
0.030540 0.018019
0.030540 0.013845
0.030979 0.018019
0.030540 0.015822
0.030760 0.012307
0.025269 0.009670
0.026368 0.008791
0.031857 0.008791
0.027466 0.006813
0.030979 0.006593
0.028564 0.009890
0.036248 0.009890
0.038443 0.014504
0.032516 0.014504
0.037345 0.010988
0.033833 0.014504
0.034711 0.018019
0.031857 0.020656
0.035150 0.020656
0.037345 0.017141
0.038443 0.020656
0.032955 0.024171
0.027466 0.024171
0.035370 0.024171
0.035150 0.026807
0.035589 0.028344
0.035809 0.026807
0.043928 0.025049
0.036248 0.029662
0.035150 0.025049
0.035150 0.029662
0.043928 0.025049
0.037784 0.026807
0.043928 0.027465
0.039540 0.027465
0.040637 0.029442
0.032955 0.023073
0.038443 0.031857
0.039101 0.031857
0.039101 0.031857
0.039759 0.030320
0.039540 0.036026
0.034053 0.039755
0.035150 0.039755
0.039540 0.045020
0.036248 0.045020
0.037345 0.045020
0.045024 0.043922
0.038881 0.044141
0.039540 0.045678
0.046121 0.045678
0.041734 0.055985
0.039101 0.055985
0.048314 0.045678
0.038443 0.045678
0.038004 0.041290
0.038004 0.039756
0.040637 0.045021
0.037345 0.039756
0.042831 0.039756
0.038004 0.036246
0.038004 0.034491
0.038004 0.034491
0.038662 0.034491
0.039540 0.034491
0.039540 0.034491
0.042831 0.038222
0.032955 0.030760
0.030760 0.037345
0.045024 0.034491
0.038443 0.034491
0.040417 0.038222
0.037345 0.034491
0.035150 0.029662
0.039540 0.029002
0.041734 0.025708
0.038662 0.022853
0.030760 0.022853
0.043928 0.021535
0.036906 0.024171
0.035150 0.026587
0.036248 0.024171
0.036906 0.018679
0.036906 0.024171
0.046121 0.024171
0.039540 0.026587
0.036687 0.028783
0.037345 0.028564
0.036248 0.029881
0.036687 0.029881
0.036248 0.027465
0.036248 0.029881
0.036248 0.027465
0.035589 0.029881
0.035370 0.028563
0.035370 0.028563
0.035370 0.028563
0.036248 0.023073
0.034053 0.031857
0.035370 0.028344
0.035370 0.028344
0.034931 0.026148
0.034931 0.028344
0.026368 0.028344
0.037345 0.026148
0.028564 0.023732
0.032955 0.024171
0.029222 0.026148
0.017358 0.027245
0.034053 0.029002
0.029222 0.030540
0.029222 0.030540
0.017358 0.033174
0.017358 0.033174
0.019115 0.034931
0.029222 0.043928
0.025269 0.037345
0.029222 0.034053
0.027246 0.034931
0.027246 0.034711
0.027246 0.034711
0.027246 0.037345
0.027246 0.037345
0.027246 0.037345
0.034053 0.037345
0.027246 0.045024
0.027246 0.037345
0.027246 0.037345
0.034053 0.031857
0.027246 0.030760
0.027246 0.037345
0.027246 0.037345
0.027246 0.037345
0.027246 0.037345
0.027246 0.037345
0.027246 0.037345
0.027246 0.037345
0.023073 0.037345
0.027246 0.037345
0.027246 0.037345
0.027246 0.037345
