0.055985 0.010988
0.057081 0.010988
0.060366 0.010988
0.052698 0.010988
0.057081 0.010988
0.057081 0.010988
0.057081 0.010988
0.048314 0.010988
0.057081 0.010988
0.055985 0.010988
0.057081 0.010988
0.057081 0.010988
0.046121 0.010988
0.058176 0.010988
0.070214 0.010988
0.057081 0.010988
0.057081 0.010988
0.058176 0.010988
0.053794 0.010988
0.047218 0.010988
0.046121 0.010988
0.057081 0.006813
0.056424 0.006813
0.062556 0.006813
0.059271 0.002857
0.057081 0.000220
0.054890 0.000220
0.052698 0.000220
0.059271 -0.001978
0.056424 -0.001099
0.056862 0.001099
0.057081 0.003297
0.053794 0.003297
0.064745 0.003297
0.058176 0.004835
0.059271 0.006813
0.054890 0.008791
0.061461 0.008791
0.058395 0.011867
0.057081 0.011867
0.052698 0.008791
0.058614 0.008791
0.059052 0.008791
0.062556 0.008791
0.063650 0.008791
0.054890 0.006373
0.059052 0.003297
0.059709 0.003297
0.073494 0.003297
0.060366 0.006373
0.062556 0.006373
0.059271 0.006373
0.069120 0.006373
0.071307 0.006373
0.061680 0.004176
0.073494 0.004176
0.065839 0.007692
0.061680 0.010549
0.058176 0.007692
0.055985 0.004176
0.062118 0.005494
0.059271 0.005494
0.065839 0.009011
0.063212 0.009011
0.063869 0.011428
0.064745 0.014285
0.064307 0.015383
0.062993 0.015383
0.070214 0.016482
0.049410 0.015383
0.062993 0.018679
0.062556 0.015383
0.063650 0.020435
0.062117 0.027462
0.050506 0.035141
0.057956 0.025264
0.053794 0.015161
0.056204 0.007472
0.056204 0.007472
0.071307 0.014064
0.050506 0.021533
0.053794 0.025708
0.057299 0.026806
0.057299 0.023292
0.059051 0.024610
0.059051 0.024610
0.057299 0.024610
0.057299 0.021974
0.058395 0.021974
0.057080 0.021974
0.058833 0.024610
0.073494 0.021974
0.053794 0.021095
0.060366 0.018239
0.060366 0.018239
0.060366 0.018239
0.072401 0.018239
0.072401 0.015603
0.064745 0.015603
0.060366 0.015603
0.055985 0.016921
0.046121 0.016921
0.062556 0.014504
0.068027 0.014504
0.059709 0.012746
0.045024 0.012746
0.060804 0.010329
0.059271 0.012746
0.055985 0.010329
0.070214 0.012746
0.063650 0.015383
0.061680 0.014504
0.070214 0.009890
0.063650 0.010329
0.050506 0.010329
0.051603 0.012746
0.062556 0.012746
0.062556 0.012746
0.051603 0.010329
0.059271 0.010329
0.061242 0.009670
0.062118 0.009670
0.065839 0.009011
0.057081 0.010989
0.061899 0.010549
0.073494 0.011428
0.062556 0.011428
0.061899 0.011428
0.055985 0.011428
0.064745 0.011428
0.069120 0.010549
0.054890 0.010549
0.061242 0.011428
0.060804 0.010989
0.069120 0.011868
0.061242 0.012087
0.050506 0.012087
0.050506 0.012087
0.055985 0.012747
0.062556 0.012087
0.062118 0.012087
0.060366 0.010989
0.072401 0.012747
0.060366 0.012087
0.059271 0.012087
0.062556 0.012087
0.054890 0.015383
0.060366 0.012747
0.048314 0.013845
0.061461 0.012747
0.061461 0.012087
0.073494 0.012087
0.058176 0.012087
0.063650 0.012087
0.062337 0.012087
0.061461 0.012087
0.063650 0.010989
0.059271 0.012747
0.063650 0.012747
0.055985 0.012087
0.063650 0.012747
0.059271 0.012747
0.070214 0.013406
0.062556 0.013406
0.062993 0.013406
0.063431 0.013406
0.068027 0.014285
0.059271 0.013625
0.062556 0.013625
0.049410 0.013625
0.049410 0.012087
0.064744 0.015823
0.076772 0.017361
0.065401 0.018240
0.066276 0.018240
0.057081 0.018240
0.074587 0.018679
0.060366 0.018679
0.055985 0.018679
0.064745 0.015383
0.060366 0.016482
0.070651 0.019778
0.066933 0.019778
0.075679 0.021096
0.066933 0.022194
0.064745 0.021096
0.068464 0.021096
0.068901 0.022194
0.058176 0.022414
0.069558 0.022414
0.081140 0.021974
0.070870 0.025489
0.072401 0.024171
0.068464 0.023732
0.067589 0.022633
0.066495 0.021315
0.068027 0.021315
0.065839 0.019778
0.055985 0.019778
0.059271 0.016482
0.067589 0.021315
0.059271 0.021315
0.063650 0.020656
0.083323 0.019777
0.062556 0.019777
0.073494 0.019777
0.070214 0.018020
0.065839 0.019777
0.070214 0.018020
0.068902 0.018020
0.053794 0.016042
0.067589 0.014724
0.053794 0.013625
0.055985 0.012747
0.061461 0.011868
0.052698 0.011868
0.049410 0.011868
0.055985 0.012747
0.070214 0.011868
0.077864 0.011868
0.064745 0.011208
0.059271 0.010989
0.066933 0.010989
0.065839 0.010989
0.065839 0.010989
0.071307 0.011648
0.069120 0.011648
0.072401 0.011648
0.058176 0.010989
0.055985 0.012307
0.068027 0.014285
0.061679 0.010989
0.065839 0.010989
0.071307 0.010989
0.058176 0.010989
0.051603 0.010549
0.054890 0.010549
0.072401 0.010989
0.058176 0.010549
0.069120 0.010989
0.058176 0.010989
0.071307 0.010989
0.057081 0.010549
0.066714 0.010549
0.052698 0.010549
0.051603 0.010549
0.062774 0.010989
0.051603 0.010549
0.053794 0.010989
0.073494 0.011208
0.064745 0.010989
0.076772 0.011208
0.074587 0.011208
0.054890 0.011868
0.066057 0.013186
0.081140 0.011868
0.066276 0.011868
0.067370 0.011868
0.067370 0.013186
0.068245 0.013186
0.057081 0.014724
0.069120 0.016482
0.052698 0.016482
0.058176 0.015823
0.065839 0.014065
0.059271 0.012307
0.073494 0.012307
0.068902 0.011648
0.069120 0.012087
0.062556 0.011648
0.070214 0.011648
0.068027 0.012966
0.081140 0.012966
0.068902 0.014724
0.063650 0.014724
0.061461 0.016262
0.082232 0.016262
0.068902 0.018020
0.076772 0.018020
0.063650 0.017800
0.065839 0.016262
0.081140 0.017800
0.068902 0.018899
0.061461 0.018899
0.074587 0.019338
0.068027 0.020876
0.066933 0.020217
0.069339 0.020217
0.068902 0.019778
0.055985 0.019778
0.073494 0.018679
0.069558 0.020217
0.065839 0.021974
0.078956 0.020217
0.068027 0.019778
0.053794 0.019778
0.068027 0.018899
0.067152 0.017800
0.065839 0.019778
0.072401 0.015383
0.070214 0.013845
0.069120 0.012746
0.066058 0.012527
0.063650 0.013845
0.066276 0.015383
0.058176 0.015383
0.065401 0.013845
0.064963 0.014724
0.072401 0.010989
0.063650 0.009890
0.075679 0.012966
0.063869 0.012966
0.065839 0.016482
0.061461 0.012307
0.065839 0.012966
0.062556 0.012966
0.061461 0.014285
0.062993 0.013186
0.060366 0.016482
0.066933 0.013186
0.062556 0.014285
0.055985 0.014285
0.070214 0.013186
0.075679 0.012747
0.063650 0.011868
0.061023 0.011868
0.059271 0.011868
0.058176 0.012747
0.058176 0.012747
0.060366 0.013845
0.052698 0.014944
0.066933 0.013186
0.058176 0.014944
0.061461 0.014285
0.061680 0.017361
0.061242 0.017361
0.064745 0.019997
0.061680 0.019997
0.062337 0.020876
0.057081 0.023512
0.059271 0.025708
0.062556 0.025708
0.060366 0.025708
0.059271 0.023512
0.055985 0.021095
0.070214 0.021095
0.063650 0.021095
0.059271 0.021315
0.063650 0.023073
0.063212 0.021315
0.063212 0.019997
0.063212 0.018459
0.076772 0.018459
0.068027 0.018459
0.063212 0.019997
0.077864 0.018459
0.063431 0.018240
0.064745 0.018679
0.051603 0.017141
0.063212 0.017141
0.062556 0.014285
0.062556 0.015383
0.059271 0.016043
0.063431 0.017581
0.063431 0.016043
0.072401 0.016043
0.063650 0.014724
0.053794 0.013186
0.064745 0.014724
0.058176 0.014724
0.053794 0.014724
0.061461 0.014285
0.062337 0.012747
0.071307 0.012087
0.063650 0.012087
0.069120 0.012527
0.054890 0.011648
0.070214 0.012307
0.059271 0.011648
0.068027 0.010549
0.057081 0.009670
0.054890 0.008791
0.061461 0.007912
0.059271 0.007912
0.059271 0.007033
0.061461 0.007912
0.060366 0.007912
0.061461 0.007912
0.061461 0.008351
0.063650 0.008571
0.064745 0.007692
0.057081 0.007692
0.062556 0.007253
0.059271 0.007692
0.061461 0.007692
0.062556 0.007692
0.062556 0.008351
0.048314 0.008571
0.065839 0.008571
0.059271 0.007692
0.053794 0.009230
0.061461 0.010110
0.066933 0.009450
0.059271 0.010110
0.066933 0.010769
0.061899 0.010769
0.063650 0.014285
0.060366 0.012307
0.064745 0.014285
0.059271 0.010769
0.077864 0.010769
0.060366 0.010769
0.059271 0.009890
0.055985 0.010329
0.061461 0.009890
0.063650 0.009890
0.068027 0.008791
0.059271 0.009890
0.058176 0.009890
0.068027 0.010989
0.062556 0.012087
0.059271 0.012747
0.057081 0.013626
0.062556 0.012087
0.068027 0.016482
0.069120 0.015383
0.063650 0.017581
0.052698 0.014285
0.069120 0.014285
0.066933 0.014065
0.050506 0.014504
0.062556 0.014504
0.059271 0.014724
0.066933 0.015164
0.064745 0.015383
0.054890 0.015383
0.061461 0.015383
0.068027 0.015603
0.053794 0.015603
0.063431 0.015603
0.061461 0.013186
0.058176 0.014504
0.061461 0.014724
0.068027 0.014285
0.066933 0.013186
0.060366 0.014285
0.065839 0.014285
0.062556 0.013626
0.072401 0.013845
0.057081 0.013845
0.061461 0.013845
0.066933 0.014285
0.064088 0.014285
0.059271 0.016482
0.071307 0.014724
0.057081 0.014724
0.064745 0.015383
0.063650 0.014285
0.069120 0.014285
0.055985 0.013845
0.065839 0.013186
0.063650 0.014285
0.063212 0.013626
0.063650 0.013626
0.061461 0.015383
0.064745 0.013626
0.062556 0.013626
0.052698 0.013186
0.061461 0.010989
0.064745 0.013626
0.064745 0.013186
0.062556 0.013626
0.062556 0.013626
0.062118 0.013186
0.063650 0.015383
0.069120 0.013186
0.062775 0.013186
0.062556 0.012527
0.057081 0.013186
0.061461 0.012527
0.049410 0.012966
0.054890 0.013186
0.062118 0.012527
0.061461 0.012087
0.054890 0.013845
0.061899 0.013845
0.051603 0.014504
0.072401 0.014504
0.061680 0.014504
0.061899 0.014504
0.060366 0.014285
0.061680 0.013845
0.061680 0.013845
0.075679 0.013845
0.061899 0.013186
0.062556 0.012747
0.062556 0.012966
0.059271 0.010989
0.063650 0.012966
0.058176 0.013186
0.073494 0.012747
0.062118 0.012747
0.061461 0.012966
0.062556 0.016482
0.057081 0.013845
0.063650 0.012747
0.059271 0.009890
0.054890 0.012747
0.064745 0.012087
0.064745 0.012747
0.061461 0.013626
0.070214 0.014065
0.062556 0.012966
0.057081 0.013406
0.058176 0.010989
0.061461 0.013186
0.062556 0.013626
0.063212 0.013626
0.060366 0.013626
0.063431 0.013626
0.078956 0.013406
0.063650 0.013406
0.068027 0.013406
0.060366 0.009890
0.063650 0.011868
0.062556 0.011868
0.055985 0.011868
0.071307 0.011868
0.073494 0.010989
0.065182 0.011208
0.065182 0.011208
0.061461 0.011208
0.063650 0.013186
0.074587 0.011428
0.061461 0.012087
0.065839 0.013186
0.081140 0.012307
0.070870 0.014065
0.071526 0.014065
0.072401 0.014065
0.063650 0.016921
0.071526 0.016042
0.071526 0.014065
0.072182 0.014065
0.072401 0.016042
0.084414 0.017800
0.073057 0.017800
0.061461 0.019558
0.075242 0.019558
0.064745 0.019558
0.087687 0.019558
0.069120 0.019558
0.089867 0.021755
0.069120 0.021755
0.078956 0.020217
0.072401 0.020217
0.068027 0.018679
0.077646 0.023073
0.061461 0.025050
0.077646 0.023073
0.089867 0.019778
0.072401 0.027026
0.082232 0.021974
0.078956 0.028124
0.078083 0.031857
0.090957 0.029881
0.076772 0.029662
0.086596 0.029881
0.068027 0.029881
0.069120 0.034053
0.080048 0.025269
0.077864 0.032955
0.065839 0.027465
0.081140 0.027465
0.077864 0.025928
0.076772 0.025928
0.082232 0.023951
0.095315 0.025928
0.073494 0.027465
0.070214 0.027465
0.088777 0.025928
0.074587 0.025928
0.077427 0.029662
0.077209 0.027465
0.076553 0.025489
0.076772 0.023292
0.075679 0.023512
0.073494 0.024171
0.087687 0.019997
0.081140 0.019997
0.064745 0.016482
0.069120 0.019778
0.070214 0.018899
0.077864 0.017581
0.072401 0.018899
0.064745 0.015383
0.073275 0.018240
0.070214 0.018240
0.087687 0.018020
0.071307 0.018020
0.077864 0.018679
0.070214 0.017361
0.071307 0.016482
0.070214 0.016043
0.071307 0.016043
0.086596 0.015164
0.070433 0.016043
0.080048 0.016043
0.060366 0.013186
0.072401 0.018679
0.078956 0.016043
0.076772 0.016482
0.057081 0.016043
0.068027 0.014285
0.069120 0.013186
0.086596 0.016262
0.070433 0.016921
0.059271 0.018679
0.055985 0.016043
0.075679 0.016921
0.077864 0.016921
0.059271 0.016043
0.088777 0.016482
0.070214 0.016482
0.071745 0.017141
0.072401 0.017141
0.071745 0.017141
0.072401 0.017581
0.072401 0.018459
0.065839 0.019338
0.082232 0.018899
0.076772 0.016482
0.062556 0.020876
0.070214 0.017141
0.073494 0.014285
0.070214 0.017141
0.071307 0.016262
0.071307 0.014285
0.077864 0.015603
0.074587 0.015603
0.076772 0.014944
0.070214 0.016482
0.074587 0.015383
0.072401 0.017581
0.084414 0.016043
0.070214 0.020876
0.087687 0.016702
0.082232 0.016702
0.072182 0.016043
0.062556 0.016043
0.069120 0.015383
0.066933 0.015383
0.066933 0.015603
0.072401 0.014724
0.068027 0.014724
0.078956 0.014065
0.060366 0.013186
0.073494 0.012747
0.053794 0.011868
0.072401 0.010549
0.061461 0.011208
0.078956 0.011208
0.068027 0.010769
0.082232 0.010110
0.064745 0.010110
0.067152 0.010769
0.051603 0.010769
0.063650 0.008791
0.078956 0.010110
0.057081 0.010110
0.062556 0.010110
0.082232 0.010329
0.074587 0.008791
0.068027 0.007692
0.065839 0.008791
0.063650 0.010769
0.065839 0.011648
0.065401 0.010769
0.061461 0.010769
0.064745 0.012087
0.068027 0.011868
0.065839 0.010989
0.065182 0.011208
0.070214 0.010329
0.063650 0.010329
0.073494 0.009670
0.073494 0.009011
0.068027 0.009011
0.059271 0.009450
0.064307 0.009450
0.060366 0.009450
0.061461 0.008571
0.061461 0.007912
0.064745 0.008132
0.065839 0.006593
0.064745 0.008571
0.071307 0.009011
0.076772 0.008791
0.060366 0.009450
0.064745 0.009450
0.068027 0.010989
0.059271 0.009450
0.062556 0.008791
0.062556 0.008791
0.061461 0.008132
0.057081 0.008132
0.061899 0.008132
0.061899 0.007253
0.049410 0.007253
0.063650 0.006374
0.064745 0.007253
0.062556 0.007692
0.059271 0.007033
0.070214 0.007033
0.060366 0.007692
0.064745 0.008791
0.060366 0.007692
0.062556 0.007692
0.059271 0.007692
0.068027 0.008791
0.060366 0.007472
0.060366 0.006154
0.059271 0.007472
0.046121 0.008791
0.060366 0.007472
0.060366 0.008791
0.060366 0.008791
0.053794 0.009450
0.060366 0.009450
0.053794 0.009231
0.060366 0.009231
0.050506 0.009231
0.060366 0.009231
0.060366 0.009011
0.052698 0.007692
0.065839 0.007472
0.065839 0.007692
0.072401 0.007912
0.052698 0.006154
0.061461 0.007912
0.060585 0.006154
0.064745 0.006154
0.059271 0.007912
0.052698 0.008791
0.061461 0.009890
0.062556 0.009011
0.060366 0.010989
0.064745 0.009890
0.062556 0.009890
0.064745 0.010989
0.066933 0.009890
0.060366 0.009890
0.062556 0.008791
0.061461 0.010989
0.061461 0.011208
0.064745 0.009890
0.070214 0.009890
0.060804 0.011208
0.063650 0.010329
0.050506 0.009890
0.070214 0.009890
0.055985 0.009890
0.057081 0.007692
0.061023 0.009011
0.069120 0.007692
0.060366 0.009011
0.059271 0.009890
0.055985 0.010549
0.055985 0.010549
0.061023 0.011867
0.060585 0.011867
0.055985 0.011867
0.064745 0.012746
0.059271 0.016482
0.057081 0.016921
0.052698 0.016921
0.057081 0.014944
0.054890 0.014504
0.061461 0.012087
0.061461 0.013845
0.070214 0.013845
0.070214 0.013845
0.052698 0.013845
0.065839 0.013845
0.058176 0.013845
0.072401 0.013845
0.065839 0.012966
0.052698 0.010988
0.061680 0.012966
0.061680 0.012966
0.049410 0.012966
0.070214 0.012087
0.058176 0.012307
0.061461 0.012307
0.049410 0.010769
0.061461 0.010769
0.062556 0.010769
0.061461 0.009670
0.068027 0.010989
0.062556 0.009890
0.054890 0.009890
0.075679 0.009890
0.057081 0.009890
0.061461 0.011208
0.062556 0.009890
0.064745 0.011208
0.061242 0.011208
0.066933 0.010549
0.052698 0.010549
0.062556 0.009230
0.050506 0.010549
0.063650 0.013186
0.061461 0.011868
0.054890 0.011868
0.057081 0.010769
0.059271 0.011868
0.058176 0.011868
0.066933 0.011868
0.049410 0.011868
0.061461 0.011868
0.060366 0.012966
0.060366 0.016482
0.061461 0.013186
0.061023 0.012087
0.060366 0.013186
0.059271 0.012747
0.060366 0.009890
0.061461 0.012747
0.063650 0.012747
0.059271 0.012307
0.061461 0.012307
0.065839 0.015383
0.061461 0.011648
0.057081 0.012307
0.060366 0.012307
0.052698 0.013186
0.060585 0.013186
0.061461 0.013186
0.051603 0.012307
0.051603 0.012747
0.064745 0.010989
0.062556 0.013626
0.052698 0.013626
0.060585 0.014065
0.061461 0.013186
0.057081 0.014724
0.062556 0.010989
0.066933 0.013625
0.060366 0.012747
0.062556 0.012747
0.063650 0.012747
0.060804 0.012747
0.065839 0.012747
0.049410 0.009890
0.061023 0.014065
0.061023 0.012966
0.059271 0.014065
0.062556 0.012966
0.049410 0.013186
0.052698 0.010989
0.066933 0.011868
0.061023 0.011868
0.060585 0.012966
0.060585 0.014285
0.062556 0.010989
0.061461 0.014504
0.060366 0.014504
0.066933 0.014504
0.061023 0.014504
0.062556 0.014504
0.058176 0.017581
0.069120 0.016482
0.061461 0.017581
0.060585 0.015823
0.054890 0.016702
0.070214 0.018679
0.072401 0.014504
0.055985 0.015823
0.070214 0.015823
0.051603 0.015383
0.061023 0.015383
0.061023 0.014065
0.060585 0.014065
0.074587 0.013625
0.061461 0.014285
0.069120 0.011867
0.060366 0.011648
0.060366 0.013186
0.070214 0.013845
0.059709 0.013845
0.059052 0.012307
0.051603 0.010989
0.065839 0.009670
0.058614 0.009670
0.058176 0.007692
0.059271 0.010989
0.062556 0.008132
0.071307 0.008791
0.058176 0.008791
0.055985 0.008791
0.057300 0.008791
0.058176 0.008791
0.055985 0.008132
0.059271 0.007692
0.058395 0.007692
0.072401 0.006593
0.064745 0.008132
0.052698 0.008132
0.058176 0.007692
0.051603 0.008571
0.066933 0.008571
0.054890 0.008571
0.054890 0.008571
0.049410 0.007692
0.059271 0.008132
0.057519 0.007912
0.057081 0.006813
0.055985 0.005275
0.056424 0.005275
0.056204 0.005275
0.066933 0.003956
0.053794 0.003956
0.061461 0.002418
0.063650 0.001099
0.061461 0.001099
0.055328 0.002418
0.054890 0.001099
0.060366 0.000220
0.054452 -0.000440
0.053794 -0.000440
0.051603 -0.000440
0.053794 -0.000440
0.055985 -0.001538
0.047218 -0.003297
0.057081 -0.005055
0.046121 -0.005055
0.057081 -0.003297
0.051603 -0.005055
0.053137 -0.005055
0.048314 -0.003297
0.054671 -0.001538
0.053794 -0.001538
0.059271 -0.001099
0.054890 -0.001099
0.051603 -0.003297
0.052698 -0.003297
0.053356 -0.003297
0.053356 -0.001099
0.049410 -0.003297
0.052698 -0.003297
0.051822 -0.005055
0.047218 -0.005055
0.051602 -0.007253
0.050506 -0.010549
0.054890 -0.011867
0.052041 -0.011867
0.050506 -0.008571
0.052917 -0.010988
0.055985 -0.010988
0.058176 -0.014284
0.043928 -0.012966
0.061461 -0.012966
0.049410 -0.012966
0.054452 -0.018239
0.053794 -0.022852
0.054671 -0.022852
0.055766 -0.022852
0.056861 -0.016041
0.057957 -0.009889
0.059271 -0.016041
0.057957 -0.009889
0.059271 -0.005054
0.052698 -0.005054
0.068027 -0.005054
0.060804 0.000000
0.063650 0.000000
0.054890 -0.004175
0.060804 0.000440
0.060366 -0.004175
0.062118 -0.008351
0.062993 -0.008351
0.054890 -0.008351
0.063650 -0.014503
0.064745 -0.014503
0.065839 -0.008351
0.064745 -0.014503
0.065839 -0.014503
0.060366 -0.014503
0.064307 -0.014503
0.064745 -0.014503
0.064745 -0.004615
0.064963 -0.005934
0.052698 -0.005274
0.064963 0.002856
0.064745 0.002856
0.064526 -0.002418
0.064745 -0.009230
0.068027 -0.010987
0.064745 -0.010987
0.065839 -0.010987
0.075679 -0.016920
0.057081 -0.011207
0.071307 -0.011207
0.069120 -0.011207
0.057081 -0.011207
0.064526 -0.011207
0.064088 -0.011207
0.063650 -0.011207
0.074587 -0.011207
0.064088 -0.011207
0.064745 -0.016920
0.064088 -0.016920
0.064745 -0.011647
0.049410 -0.006373
0.064745 -0.006373
0.064745 -0.007472
0.064745 -0.009669
0.051603 -0.014942
0.064526 -0.014942
0.078956 -0.009669
0.062556 -0.009669
0.066933 -0.009669
0.064526 -0.004395
0.062556 -0.004395
0.052698 -0.004395
0.064088 -0.004395
0.064088 -0.010767
0.064526 -0.010767
0.065182 -0.006373
0.076772 -0.006373
0.053794 -0.009230
0.064745 -0.009230
0.072401 -0.006373
0.075679 -0.006373
0.062993 -0.005494
0.060366 -0.004835
0.071307 -0.001978
0.052698 0.004175
0.062993 0.010987
0.072401 0.017578
0.059928 0.024169
0.064745 0.035150
0.051603 0.024169
0.059052 0.024169
0.058395 0.030539
0.074587 0.028783
0.073494 0.031418
0.061023 0.028783
0.061023 0.028783
0.046121 0.031418
0.060804 0.031418
0.062118 0.034053
0.051603 0.029441
0.057081 0.029441
0.057081 0.023071
0.059928 0.029662
0.059490 0.032735
0.058395 0.036028
0.058395 0.036028
0.058395 0.039320
0.058395 0.039320
0.057957 0.043268
0.058176 0.049406
0.059271 0.049406
0.064745 0.057710
0.045024 0.072128
0.062556 0.072128
0.056423 0.066649
0.066933 0.072128
0.063650 0.057710
0.057957 0.072128
0.059271 0.075173
0.057957 0.075173
0.058395 0.080649
0.058833 0.080649
0.058176 0.098943
0.058833 0.098943
0.059052 0.118844
0.050506 0.086059
0.059271 0.067328
0.060804 0.053787
0.059928 0.045017
0.059052 0.045017
0.059928 0.045017
0.059709 0.038440
0.059709 0.034046
0.060804 0.034046
0.059271 0.046335
0.052698 0.046335
0.059928 0.046335
0.060803 0.046335
0.073494 0.046335
0.068027 0.053787
0.060584 0.046335
0.057519 0.053787
0.060584 0.046335
0.062554 0.051811
0.074587 0.043928
0.067807 0.042822
0.058176 0.034477
0.070651 0.021090
0.071963 0.011865
0.068027 0.011865
0.070651 0.012304
0.071963 0.012304
0.073494 0.012304
0.071963 0.021310
0.070651 0.034477
0.071963 0.027242
0.073275 0.027242
0.073056 0.018456
0.072401 0.011426
0.073494 0.008788
0.073494 0.008788
0.072838 0.008788
0.073494 0.000878
0.073494 0.008788
0.071307 0.008788
0.075679 0.008788
0.068027 0.008788
0.076772 0.017138
0.073712 0.017138
0.062556 0.024168
0.073712 0.039741
0.080048 0.038204
0.073712 0.038204
0.072838 0.022631
0.074587 0.022631
0.071526 0.022631
0.073494 0.022631
0.067150 0.022631
0.072401 0.022851
0.067150 0.022851
0.053794 0.017797
0.067150 0.017797
0.064086 0.033370
0.062774 0.017797
0.060146 0.033370
0.057956 0.048941
0.056204 0.059897
0.056204 0.059897
0.057081 0.069974
0.054232 0.069974
0.061461 0.081357
0.051163 0.072169
0.051163 0.062969
0.054232 0.052891
0.054232 0.052891
0.054890 0.059032
0.054232 0.059032
0.052479 0.068451
0.053794 0.080048
0.051603 0.068451
0.052698 0.059032
0.041734 0.059032
0.064745 0.068451
0.055109 0.068233
0.057080 0.068233
0.055109 0.060568
0.064745 0.068669
0.057080 0.060568
0.057080 0.060568
0.058175 0.068669
0.062556 0.060568
0.061022 0.068669
0.061022 0.068669
0.061022 0.070204
0.075679 0.060366
0.058176 0.054879
0.048314 0.054879
0.066057 0.062980
0.065839 0.062980
0.066057 0.062980
0.076772 0.079769
0.067589 0.062980
0.076772 0.054879
0.076772 0.054879
0.073493 0.039540
0.072401 0.045239
0.073493 0.045239
0.073493 0.054879
0.073494 0.054879
0.073493 0.054879
0.073493 0.054879
0.073493 0.054879
0.073493 0.051603
0.055985 0.054879
0.073493 0.054879
0.062556 0.054879
0.075679 0.054879
0.073493 0.054879
0.073493 0.054879
0.057081 0.054879
0.070214 0.054879
0.073493 0.054879
0.073493 0.054879
0.089867 0.054879
0.061461 0.054879
0.073493 0.054879
0.073493 0.054879
