0.027246 0.054451
0.034053 0.054451
0.027246 0.054451
0.027246 0.050506
0.026368 0.054451
0.027246 0.058176
0.027246 0.054451
0.021974 0.041734
0.021974 0.054451
0.027246 0.043928
0.027246 0.054451
0.027246 0.054451
0.027246 0.054451
0.027246 0.054451
0.027246 0.054451
0.027246 0.054451
0.021974 0.054451
0.027246 0.063650
0.026368 0.053794
0.032955 0.054451
0.027246 0.050506
0.029662 0.054451
0.024610 0.054451
0.019778 0.052917
0.026587 0.052917
0.023073 0.050506
0.028783 0.055985
0.028783 0.050725
0.025269 0.050725
0.030979 0.048752
0.037345 0.050725
0.030979 0.065839
0.030979 0.055546
0.038443 0.058613
0.028564 0.053794
0.028783 0.065839
0.029222 0.061021
0.029222 0.065180
0.031418 0.069769
0.032077 0.072615
0.031198 0.066493
0.032296 0.072615
0.026368 0.076766
0.043928 0.076766
0.039540 0.072615
0.033833 0.066712
0.037345 0.072615
0.033833 0.072615
0.032736 0.071524
0.032736 0.071524
0.026368 0.068245
0.032736 0.064743
0.032736 0.066493
0.032955 0.066493
0.032955 0.066493
0.028564 0.074587
0.034053 0.068025
0.034053 0.068025
0.031857 0.070214
0.032736 0.064524
0.034053 0.064524
0.033175 0.068025
0.039540 0.057081
0.034053 0.068025
0.033175 0.068025
0.032955 0.068025
0.032955 0.064745
0.031857 0.081140
0.028564 0.068025
0.037345 0.072180
0.032296 0.072180
0.032516 0.084414
0.032955 0.064524
0.031857 0.061240
0.037345 0.070214
0.032296 0.060366
0.032955 0.057518
0.030760 0.053794
0.031857 0.054889
0.032077 0.052698
0.032516 0.052698
0.032516 0.043928
0.032516 0.050945
0.032077 0.048971
0.027466 0.048971
0.032516 0.048971
0.027466 0.048971
0.032296 0.051603
0.032955 0.048094
0.033833 0.048094
0.033833 0.049629
0.034931 0.048533
0.034492 0.048533
0.040637 0.048314
0.028564 0.046998
0.034272 0.051603
0.034272 0.045244
0.036248 0.046998
0.036028 0.046998
0.036248 0.037345
0.035150 0.046998
0.034931 0.046998
0.034931 0.046779
0.034931 0.042831
0.035809 0.038443
0.036028 0.048533
0.031857 0.046779
0.037345 0.047218
0.042831 0.046779
0.036467 0.057081
0.045024 0.045463
0.035150 0.045463
0.038443 0.043928
0.042831 0.049410
0.035809 0.050725
0.035809 0.054890
0.036248 0.046998
0.036028 0.046998
0.036248 0.044586
0.027466 0.054890
0.030760 0.046998
0.042831 0.046998
0.036028 0.046998
0.036248 0.049190
0.040637 0.054890
0.036467 0.050725
0.031857 0.038443
0.037345 0.055985
0.042831 0.049409
0.034272 0.045024
0.028564 0.045682
0.033174 0.047217
0.039540 0.047217
0.031857 0.049190
0.031638 0.043928
0.036248 0.053356
0.032735 0.051383
0.031638 0.051383
0.039540 0.042831
0.038443 0.051383
0.029662 0.043928
0.033833 0.055985
0.032735 0.060366
0.032735 0.041734
0.039540 0.051603
0.025269 0.040637
0.027466 0.055985
0.028564 0.051603
0.030760 0.047217
0.030760 0.045463
0.031418 0.053794
0.030760 0.060366
0.032955 0.046778
0.032296 0.044805
0.032077 0.042831
0.033174 0.042173
0.032077 0.042831
0.039540 0.042831
0.032077 0.044805
0.032077 0.046559
0.030979 0.044585
0.032077 0.046120
0.030760 0.041734
0.035150 0.043927
0.029662 0.045901
0.031638 0.046120
0.027466 0.045900
0.031638 0.041952
0.024171 0.037344
0.031418 0.037344
0.030540 0.035148
0.031418 0.035148
0.030979 0.033612
0.024171 0.028562
0.036248 0.023730
0.030540 0.023730
0.030540 0.026806
0.030540 0.022633
0.029442 0.025487
0.029442 0.025487
0.029442 0.021974
0.029442 0.026146
0.029442 0.026146
0.032955 0.026146
0.029881 0.030758
0.030540 0.028564
0.029442 0.030758
0.029003 0.030758
0.028564 0.032735
0.030540 0.035588
0.037345 0.035588
0.029222 0.036248
0.030760 0.038442
0.027685 0.038442
0.029222 0.041075
0.029222 0.041514
0.025269 0.041734
0.027466 0.041734
0.030540 0.040856
0.032955 0.040856
0.031857 0.042611
0.031857 0.041953
0.035150 0.041953
0.034053 0.045024
0.035150 0.042831
0.031418 0.039979
0.025269 0.041295
0.037345 0.041953
0.034053 0.042392
0.035150 0.042831
0.026368 0.042831
0.034492 0.042831
0.035150 0.043489
0.035370 0.045901
0.041734 0.041734
0.034931 0.045901
0.040637 0.045901
0.026368 0.040637
0.035370 0.045901
0.034931 0.043489
0.037345 0.041734
0.034492 0.043489
0.031857 0.043489
0.032955 0.039540
0.034272 0.042831
0.040637 0.043928
0.036248 0.042831
0.035150 0.045243
0.035150 0.048531
0.036028 0.048531
0.038443 0.048312
0.043928 0.045023
0.035150 0.054890
0.037126 0.038443
0.037345 0.045023
0.035589 0.048312
0.032955 0.040637
0.036248 0.049628
0.030760 0.050286
0.035370 0.050286
0.029662 0.050286
0.032955 0.052697
0.028564 0.052697
0.039540 0.065839
0.036248 0.055546
0.036248 0.055546
0.036248 0.057300
0.038443 0.065839
0.035589 0.057300
0.034711 0.054889
0.035589 0.054889
0.034711 0.052478
0.034711 0.052478
0.034053 0.049628
0.026368 0.049628
0.030760 0.048314
0.031857 0.053573
0.036248 0.046121
0.033833 0.053573
0.035370 0.060366
0.036906 0.055985
0.028564 0.056860
0.039540 0.060365
0.038662 0.062336
0.045024 0.060365
0.045024 0.057081
0.040637 0.056860
0.034931 0.060365
0.034492 0.061240
0.033174 0.056860
0.033174 0.061240
0.033174 0.061240
0.033174 0.061240
0.031638 0.061240
0.037345 0.077864
0.030760 0.062556
0.032735 0.067806
0.033833 0.064523
0.032296 0.064523
0.030320 0.061240
0.027466 0.070214
0.030320 0.057953
0.038443 0.062771
0.024171 0.047218
0.025269 0.062771
0.031857 0.057953
0.028564 0.055981
0.028783 0.055981
0.028783 0.055981
0.028783 0.061236
0.027466 0.051603
0.027685 0.073494
0.027685 0.057077
0.027685 0.058611
0.027685 0.062989
0.026587 0.059050
0.025489 0.056859
0.024171 0.052479
0.025489 0.056859
0.020876 0.061237
0.024171 0.061237
0.022633 0.057515
0.022633 0.052260
0.022633 0.052260
0.023292 0.057515
0.023512 0.057515
0.029662 0.064732
0.023073 0.057515
0.019778 0.056859
0.023073 0.056859
0.024610 0.052698
0.023073 0.056859
0.022194 0.055985
0.023073 0.043264
0.019778 0.053794
0.024391 0.043264
0.024391 0.033384
0.024391 0.037113
0.024391 0.047431
0.024391 0.047431
0.024610 0.056859
0.023732 0.056859
0.023732 0.049627
0.023732 0.049627
0.026368 0.051603
0.025269 0.049627
0.021974 0.054889
0.021315 0.054889
0.021315 0.054889
0.020876 0.049627
0.016482 0.054889
0.021974 0.058392
0.025269 0.063208
0.023073 0.062331
0.023512 0.054006
0.021974 0.058383
0.024171 0.058383
0.025050 0.061016
0.024171 0.061016
0.023073 0.052691
0.024171 0.043702
0.024171 0.034053
0.028564 0.052691
0.021974 0.043702
0.020217 0.036243
0.018459 0.037996
0.014285 0.037996
0.019778 0.037996
0.017581 0.037996
0.019778 0.046549
0.019778 0.037996
0.019997 0.037996
0.020217 0.037996
0.020217 0.046549
0.018459 0.045235
0.016702 0.037777
0.014724 0.047218
0.013186 0.037777
0.013186 0.030317
0.014724 0.030317
0.013186 0.023511
0.013186 0.019996
0.013186 0.013625
0.013186 0.013625
0.014724 0.013625
0.016702 0.009230
0.020876 0.009230
0.020876 0.004835
0.024171 0.004835
0.019997 0.009450
0.017581 0.006593
0.014944 0.006593
0.014944 0.006593
0.012307 0.009670
0.012307 0.009670
0.012307 0.009670
0.014944 0.008791
0.012087 0.008791
0.014944 0.008791
0.014944 0.014723
0.013625 0.025918
0.013625 0.036448
0.013625 0.033162
0.013625 0.038654
0.015163 0.038654
0.017800 0.036462
0.017800 0.036024
0.015603 0.031857
0.013186 0.032513
0.013625 0.026366
0.013625 0.026366
0.014285 0.032513
0.014285 0.032513
0.014285 0.032513
0.016701 0.032513
0.016701 0.032513
0.016701 0.032513
0.019118 0.026366
0.021315 0.026366
0.021535 0.026366
0.023951 0.026366
0.025050 0.026366
0.025709 0.026366
0.024171 0.032513
0.024171 0.032513
0.021754 0.037562
0.019118 0.037562
0.018679 0.042609
0.018679 0.049625
0.020876 0.041072
0.020876 0.049625
0.024171 0.041072
0.024391 0.041072
0.026148 0.041072
0.025928 0.041072
0.025269 0.041072
0.026148 0.041072
0.026148 0.035805
0.027246 0.028779
0.027246 0.028779
0.027246 0.028779
0.030760 0.028779
0.027246 0.028779
0.027246 0.031192
0.025049 0.040409
0.021315 0.037338
0.021974 0.039748
0.023951 0.043919
0.025269 0.041942
0.025269 0.052034
0.025269 0.059267
0.025269 0.070214
0.024610 0.064087
0.022414 0.062555
0.027466 0.059271
0.024610 0.057736
0.026148 0.062555
0.024830 0.064525
0.024830 0.064525
0.024830 0.064525
0.024830 0.066713
0.024830 0.066713
0.023732 0.066713
0.024830 0.063650
0.023732 0.066713
0.025269 0.059271
0.027466 0.062555
0.024171 0.062555
0.025269 0.058832
0.020876 0.058832
0.024171 0.055107
0.024171 0.058832
0.024171 0.061461
0.024171 0.058832
0.024171 0.058832
0.028564 0.055983
0.021974 0.055983
0.022853 0.059708
0.022853 0.059708
0.024171 0.055983
0.028564 0.052258
0.021974 0.050506
0.031857 0.045024
0.026807 0.037344
0.024171 0.037344
0.028124 0.040854
0.027905 0.034049
0.026806 0.035146
0.025049 0.035146
0.026806 0.031857
0.026806 0.028121
0.027026 0.022193
0.027246 0.018239
0.030100 0.010988
0.027246 0.010988
0.027246 0.010988
0.025928 0.010988
0.025928 0.006813
0.023732 0.006373
0.023732 0.006373
0.020876 0.006373
0.019777 0.006373
0.018240 -0.000220
0.016042 -0.009229
0.018240 -0.015382
0.016042 -0.021094
0.014285 -0.015382
0.018240 -0.015382
0.018240 -0.015382
0.018679 -0.011646
0.023510 -0.015382
0.023073 -0.021972
0.019558 -0.021972
0.017141 -0.029878
0.019558 -0.029878
0.019558 -0.021972
0.024828 -0.015382
0.024828 -0.023727
0.024389 -0.023727
0.024389 -0.018674
0.028781 -0.007032
0.028342 -0.007032
0.023730 -0.005714
0.018899 -0.005714
0.023730 -0.016260
0.023730 -0.016260
0.028342 -0.005714
0.028342 -0.016260
0.031197 -0.005714
0.031197 -0.005714
0.035149 0.002856
0.031197 0.011426
0.031636 0.011426
0.027025 0.023065
0.027025 0.023065
0.022413 0.023065
0.027025 0.023065
0.027025 0.034484
0.031636 0.041507
0.031636 0.041507
0.031636 0.052246
0.034271 0.046540
0.034271 0.046540
0.034271 0.046540
0.030319 0.059243
0.030319 0.059243
0.032955 0.046540
0.032955 0.046540
0.032955 0.046540
0.029441 0.046540
0.029441 0.046540
0.025269 0.046540
0.025707 0.051603
0.029002 0.059243
0.027684 0.059243
0.027684 0.066676
0.024390 0.061433
0.027684 0.062751
0.026806 0.050268
0.026806 0.039529
0.023731 0.031414
0.025708 0.023072
0.028563 0.019557
0.030320 0.019557
0.030320 0.023951
0.034053 0.019557
0.030320 0.019557
0.030320 0.023951
0.028783 0.025488
0.025708 0.025488
0.025708 0.025488
0.028783 0.024171
0.027465 0.022412
0.027466 0.017359
0.030540 0.022412
0.030540 0.022412
0.030540 0.017359
0.029662 0.017359
0.038443 0.011208
0.030540 0.017359
0.027466 0.011208
0.034053 0.014285
0.031638 0.017359
0.038443 0.017359
0.035589 0.017359
0.036687 0.017359
0.037565 0.022412
0.037565 0.017359
0.036467 0.021753
0.037565 0.016701
0.037565 0.016701
0.037565 0.021753
0.037565 0.023291
0.037565 0.023291
0.037565 0.023291
0.036467 0.023291
0.043928 0.018238
0.036467 0.012086
0.036467 0.013185
0.038443 0.017140
0.034272 0.015382
0.032955 0.015382
0.038443 0.018896
0.026585 0.028339
0.022413 0.023730
0.022413 0.023730
0.021535 0.023730
0.021535 0.017579
0.021535 0.017579
0.021535 0.014283
0.017581 0.013624
0.014724 0.013624
0.014724 0.015163
0.014724 0.019118
0.017581 0.019118
0.019118 0.023072
0.019118 0.023072
0.017800 0.023072
0.017800 0.026368
0.018240 0.025269
0.015823 0.025269
0.015823 0.023073
0.013625 0.023073
0.010769 0.025269
0.010769 0.023073
0.010769 0.023073
0.010769 0.023073
0.010769 0.023073
0.013625 0.023073
0.010769 0.023073
0.009230 0.027465
0.008131 0.027465
0.010769 0.025050
0.010769 0.025050
0.016482 0.025050
0.010769 0.025050
0.016482 0.025050
0.010769 0.025050
0.007912 0.023073
0.010769 0.026806
0.010769 0.030319
0.014065 0.030319
0.016482 0.026806
0.018899 0.026806
0.020876 0.025708
0.020876 0.027466
0.023073 0.022194
0.020876 0.025708
0.023073 0.022194
0.025269 0.022194
0.029221 0.024609
0.029221 0.029221
0.033831 0.029221
0.033392 0.029221
0.029221 0.028782
0.029221 0.024609
0.025269 0.028782
0.025269 0.019778
0.027904 0.018458
0.023951 0.011646
0.025049 0.020874
0.025049 0.015160
0.025049 0.015160
0.025049 0.005932
0.023073 0.012083
0.023512 0.012083
0.021315 0.014279
0.022633 0.014279
0.022633 0.014279
0.026366 0.015376
0.026366 0.009446
0.030319 0.009446
0.026366 0.019771
0.019778 0.009446
0.026366 0.009446
0.030319 0.009446
0.033393 0.019771
0.035589 0.026364
0.037565 0.020211
0.037565 0.020211
0.037565 0.020211
0.035589 0.020211
0.035589 0.020211
0.033394 0.020211
0.037345 0.020211
0.030979 0.031852
0.030979 0.031852
0.029002 0.022848
0.025488 0.031852
0.021754 0.031852
0.019338 0.031852
0.016482 0.022848
0.017580 0.028121
0.017580 0.020433
0.019337 0.010108
0.019337 0.020872
0.019337 0.010108
0.019337 0.020872
0.015383 0.020872
0.019337 0.020872
0.021314 0.010108
0.026585 0.010108
0.028564 0.010108
0.030758 0.010108
0.035369 0.010108
0.035808 0.010108
0.037565 0.010108
0.037565 0.010108
0.037126 0.010108
0.034930 0.001538
0.037126 -0.008348
0.037126 -0.008348
0.038004 -0.020651
0.037126 -0.008348
0.034930 -0.020651
0.033174 -0.020651
0.029880 -0.020651
0.030099 -0.020651
0.030099 -0.020651
0.030099 -0.020651
0.034272 -0.020651
0.045024 -0.007030
0.041294 0.009444
0.047218 0.009444
0.039540 0.027218
0.037345 0.028092
0.041294 0.047175
0.037345 0.078956
0.043708 0.065145
0.046997 0.065145
0.050505 0.091887
0.050505 0.132576
0.054011 0.132576
0.054011 0.172683
0.057076 0.209900
0.062331 0.252551
0.057081 0.225755
0.062331 0.266698
0.073494 0.266698
0.058172 0.266698
0.058609 0.266698
0.058171 0.266698
0.058171 0.295485
0.064301 0.266698
0.073042 0.244461
0.073042 0.296490
0.073042 0.209245
0.066710 0.209245
0.073921 0.208808
0.073921 0.208808
0.073921 0.208808
0.069764 0.221503
0.061677 0.221503
0.061677 0.183862
0.068020 0.183862
0.068020 0.159879
0.068020 0.121088
0.052698 0.082089
0.069115 0.124829
0.073043 0.082089
0.060366 0.082089
0.057516 0.056140
0.053792 0.056140
0.049189 0.056140
0.049189 0.056140
0.049189 0.056140
0.049189 0.037321
0.043920 0.037321
0.039968 0.037321
0.031630 0.037321
0.027901 0.023945
0.022413 0.019776
0.022413 0.019776
0.022413 0.019776
0.020217 0.019776
0.020217 0.003304
0.023292 0.001766
0.026366 0.018019
0.024610 0.001766
0.027465 0.001766
0.027465 0.018019
0.027465 0.004622
0.032294 -0.013384
0.027465 0.004622
0.024610 0.004622
0.027465 -0.009429
0.020876 -0.009429
0.027465 -0.009429
0.024390 -0.009429
0.024390 -0.011847
0.024390 -0.011847
0.034053 -0.031603
0.027465 -0.011847
0.023073 -0.027223
0.024390 -0.027223
0.025269 -0.027223
0.027904 -0.043253
0.025269 -0.032938
0.024391 -0.032938
0.024391 -0.028113
0.024391 -0.039968
0.027026 -0.035143
0.027026 -0.045020
0.029222 -0.050283
0.033612 -0.053793
0.037783 -0.053793
0.037783 -0.048530
0.037783 -0.048530
0.041732 -0.053793
0.041732 -0.048530
0.045900 -0.043706
0.047217 -0.043706
0.051819 -0.043706
0.055982 -0.043706
0.055982 -0.043706
0.055104 -0.045020
0.058169 -0.045020
0.058169 -0.050502
0.066270 -0.045020
0.058169 -0.035143
0.050058 -0.035143
0.044791 -0.035143
0.036019 -0.024603
0.044791 -0.024603
0.054219 -0.023726
0.054219 -0.023726
0.054219 -0.019554
0.045889 -0.010107
0.045889 0.001758
0.045889 -0.000000
0.040637 0.014934
0.029661 0.014934
0.030539 0.004394
0.037996 0.016692
0.037996 0.016692
0.041288 0.004394
0.034271 0.016692
0.033832 0.016692
0.041068 0.013186
0.033832 0.030961
0.033832 0.043691
0.033832 0.043691
0.033832 0.043691
0.033832 0.057936
0.033832 0.057936
0.028564 0.057936
0.033832 0.043691
0.040850 0.025269
0.040850 0.030961
0.048523 0.016692
0.049398 0.012963
0.046984 0.001758
0.038215 0.005713
0.030978 0.003077
0.030978 0.003077
0.028564 0.003077
0.030978 -0.003955
0.026367 0.003077
0.024610 0.003077
0.020876 -0.003955
0.024610 -0.003955
0.026367 -0.003955
0.026367 -0.012964
0.026367 -0.020213
0.026367 -0.020213
0.024610 -0.012964
0.024610 -0.006152
0.029440 -0.006152
0.029440 -0.006152
0.028122 -0.001317
0.033391 -0.011863
0.038878 -0.011863
0.037561 -0.019112
0.031853 -0.019112
0.037561 -0.019112
0.040191 -0.023499
0.046333 -0.023499
0.054669 -0.023499
0.054669 -0.037333
0.054669 -0.037333
0.059924 -0.054212
0.057299 -0.037333
0.059271 -0.037333
0.054012 -0.037333
0.047211 -0.024598
0.046121 -0.029213
0.041070 -0.016916
0.033389 -0.008788
0.027682 -0.008788
0.021535 -0.005054
0.018020 -0.005054
0.018020 0.000879
0.019777 0.004615
0.018898 -0.001318
0.022413 0.000659
0.020656 0.011424
0.020656 0.017578
0.022633 0.007032
0.022633 0.006593
0.022633 0.007032
0.023732 0.007032
0.023732 0.007032
0.025269 0.017358
0.023732 0.023729
0.023732 0.023729
0.028564 0.019336
0.023732 0.013185
0.019778 0.010329
0.023732 0.004176
0.023732 0.004176
0.021974 0.004176
0.019778 0.004176
0.021974 0.010329
0.021974 0.010329
0.019778 0.013625
0.020876 0.014285
0.019778 0.010329
0.019558 0.010329
0.019778 0.013625
0.019778 0.014724
0.019558 0.014724
0.019558 0.014724
0.019778 0.014724
0.017800 0.014724
0.019338 0.014285
0.019558 0.019337
0.018679 0.012087
0.019778 0.018239
0.020437 0.020876
0.021315 0.022852
0.021315 0.022852
0.021315 0.022852
0.021315 0.022852
0.021315 0.027025
0.020437 0.027025
0.020217 0.027025
0.020217 0.027025
0.020217 0.027025
0.024171 0.022412
0.018679 0.029657
0.023073 0.028780
0.021096 0.028780
0.019997 0.028780
0.020876 0.022412
0.019778 0.022412
0.020876 0.021973
0.020876 0.023511
0.020876 0.029879
0.019558 0.034709
0.020876 0.040196
0.017581 0.040196
0.021315 0.040196
0.019778 0.035587
0.022414 0.035587
0.023292 0.030757
0.023292 0.035587
0.023512 0.035587
0.024391 0.035587
0.018679 0.030757
0.023951 0.043928
0.023951 0.035587
0.023512 0.035587
0.023512 0.039538
0.023512 0.039538
0.023512 0.039319
0.022194 0.039319
0.022194 0.039319
0.021096 0.043928
0.019778 0.043049
0.020876 0.039099
0.018899 0.035148
0.018679 0.035148
0.018679 0.030318
0.019118 0.030318
0.019118 0.023730
0.021974 0.016041
0.020656 0.020875
0.020656 0.025488
0.020656 0.030318
0.017581 0.030318
0.020217 0.030318
0.014285 0.030318
0.020217 0.025488
0.020217 0.034053
0.019997 0.030318
0.018020 0.035368
0.014285 0.028564
0.019997 0.030318
0.021755 0.030538
0.021755 0.030538
0.021755 0.036903
0.021755 0.040854
0.026368 0.045681
0.022194 0.047654
0.020876 0.052040
0.020876 0.047654
0.019558 0.052040
0.017800 0.054889
0.016921 0.060366
0.018240 0.059271
0.017580 0.052040
0.019338 0.047654
0.021535 0.043046
0.021535 0.043046
0.019338 0.054890
0.019338 0.040191
0.017580 0.041728
0.019338 0.044143
0.019338 0.042828
0.020876 0.044365
0.020437 0.045024
0.020876 0.048970
0.023073 0.048970
0.021755 0.048970
0.022633 0.048970
0.022633 0.052697
0.022633 0.055765
0.016482 0.055765
0.021096 0.052697
0.020217 0.048970
0.020217 0.046559
0.020217 0.046559
0.019338 0.046559
0.018240 0.043708
0.019119 0.043708
0.019997 0.043708
0.019997 0.040637
0.019119 0.048314
0.017800 0.035150
0.020876 0.041075
0.015823 0.038881
0.015383 0.038881
0.015383 0.038223
0.014724 0.038223
0.015383 0.038223
0.015383 0.040198
0.018679 0.038223
0.014285 0.038223
0.017141 0.040637
0.013186 0.043928
0.018240 0.040198
0.017581 0.040198
0.016482 0.042611
0.019778 0.034053
0.017581 0.038223
0.017581 0.040198
0.018240 0.040198
0.017581 0.041514
0.016482 0.041514
0.018240 0.041294
0.016482 0.041294
0.017581 0.040637
0.016921 0.044366
0.016921 0.041294
0.016921 0.047218
0.016921 0.041294
0.016921 0.038661
0.016262 0.038661
0.017141 0.038661
0.017141 0.037345
0.016482 0.034053
0.017141 0.034272
0.017800 0.034272
0.018020 0.038003
0.018679 0.041074
0.018679 0.041074
0.017361 0.049410
0.018679 0.044365
0.016482 0.047875
0.015383 0.052698
0.021974 0.047875
0.021974 0.047875
0.021974 0.050287
0.025269 0.049191
0.019778 0.049191
0.022633 0.050287
0.022853 0.051603
0.021755 0.050725
0.021755 0.052260
0.020656 0.050725
0.020656 0.052260
0.020656 0.052260
0.017581 0.058176
0.024171 0.050725
0.020656 0.050725
0.021096 0.048094
0.021096 0.050725
0.021096 0.048751
0.021096 0.045900
0.022194 0.048751
0.023073 0.052698
0.022414 0.045900
0.020876 0.047218
0.022414 0.045900
0.021755 0.045900
0.020876 0.045900
0.023512 0.045900
0.023512 0.042390
0.023512 0.042390
0.025050 0.042390
0.025050 0.047215
0.026367 0.047215
0.025709 0.051381
0.025928 0.050285
0.019778 0.039540
0.025928 0.045462
0.025928 0.038443
0.028564 0.038661
0.025709 0.037126
0.024171 0.039759
0.021974 0.039759
0.020876 0.039320
0.029662 0.039320
0.024830 0.037126
0.028564 0.035809
0.026368 0.034053
0.024171 0.037126
0.024171 0.027466
0.023512 0.034053
0.024171 0.034931
0.024171 0.034931
0.025269 0.036248
0.025269 0.037345
0.023512 0.032955
0.024171 0.038881
0.024171 0.039978
0.027466 0.039978
0.027466 0.039540
0.023512 0.039100
0.027466 0.039100
0.023073 0.045024
0.023073 0.039100
0.025050 0.039100
0.021974 0.029662
0.027466 0.039100
0.025050 0.041734
0.025269 0.044366
0.025269 0.035150
0.024391 0.046778
0.029662 0.054890
0.020876 0.046340
0.024391 0.048314
0.024830 0.046340
0.024171 0.046340
0.024610 0.046121
0.023512 0.044366
0.018679 0.046778
0.028564 0.046778
0.024391 0.048752
0.024610 0.051603
0.024171 0.048752
0.025269 0.054890
0.031857 0.050068
0.025489 0.051822
0.029662 0.052917
0.031857 0.051603
0.021974 0.051822
0.021974 0.051822
0.030760 0.049410
0.027026 0.052917
0.026148 0.063650
0.027026 0.051383
0.027685 0.057081
0.024171 0.050068
0.027026 0.051383
0.027685 0.051383
0.026368 0.049848
0.028783 0.057081
0.024171 0.051603
0.024171 0.041734
0.031857 0.052041
0.034053 0.058176
0.021974 0.052260
0.027466 0.055985
0.030760 0.052260
0.024171 0.040637
0.028564 0.039540
0.027466 0.050944
0.028564 0.048533
0.029222 0.052698
0.032955 0.048533
0.031857 0.046559
0.027905 0.048533
0.021974 0.048533
0.029662 0.045024
0.029222 0.042831
0.035150 0.049410
0.029662 0.049410
0.028564 0.047656
0.029222 0.047875
0.035150 0.050287
0.034053 0.036248
0.028344 0.045902
0.028783 0.045902
0.028783 0.044147
0.028344 0.043928
0.031857 0.045902
0.028783 0.045902
0.029662 0.045902
0.030320 0.049410
0.031199 0.045902
0.031199 0.045902
0.031199 0.045902
0.031199 0.037345
0.034053 0.045902
0.027466 0.048314
0.031199 0.045902
0.031199 0.045902
0.035150 0.045902
0.031199 0.045902
0.028564 0.045902
0.031199 0.045902
0.031199 0.045902
0.031199 0.037345
0.031199 0.045902
0.031199 0.045902
0.031199 0.045902
0.037345 0.045902
0.031199 0.045902
0.031199 0.045902
