0.016482 0.015603
0.014285 0.015603
0.016482 0.015603
0.016482 0.015603
0.017581 0.015603
0.016482 0.015603
0.016482 0.015603
0.016482 0.015603
0.016482 0.015603
0.016482 0.017581
0.016482 0.015603
0.019778 0.015603
0.016482 0.015603
0.016482 0.015603
0.016482 0.015603
0.016482 0.015603
0.016482 0.015603
0.016482 0.015603
0.016482 0.015603
0.016482 0.015603
0.015383 0.015603
0.016482 0.015603
0.016482 0.015603
0.016482 0.016921
0.016482 0.015603
0.018679 0.013625
0.014285 0.015603
0.018020 0.013186
0.014285 0.013625
0.016482 0.015603
0.021974 0.014065
0.017361 0.015823
0.017361 0.013845
0.018020 0.015823
0.018459 0.015823
0.014285 0.019778
0.018020 0.013186
0.019778 0.014285
0.018020 0.014285
0.019778 0.014285
0.018679 0.015823
0.014285 0.014285
0.018899 0.014944
0.018679 0.014944
0.018679 0.014944
0.017581 0.014724
0.021974 0.014724
0.018020 0.014065
0.018679 0.013845
0.018679 0.013845
0.014285 0.018679
0.017581 0.014944
0.016702 0.016043
0.016702 0.016043
0.016702 0.016043
0.016702 0.017141
0.016702 0.017361
0.017581 0.018459
0.016702 0.020217
0.016702 0.026368
0.016702 0.021755
0.016262 0.021755
0.017141 0.020217
0.018679 0.018899
0.019997 0.017581
0.021535 0.020217
0.023731 0.014285
0.022193 0.020217
0.020876 0.020217
0.020876 0.020876
0.023731 0.019558
0.026148 0.020876
0.025050 0.020876
0.025050 0.019558
0.025050 0.018899
0.026367 0.018240
0.025269 0.019778
0.027685 0.019558
0.027685 0.021315
0.026368 0.019558
0.027685 0.019558
0.030760 0.017581
0.026367 0.023073
0.029662 0.021315
0.028564 0.026368
0.035150 0.021315
0.029003 0.021315
0.021974 0.023073
0.036248 0.020876
0.029442 0.023512
0.029662 0.023292
0.023073 0.024610
0.029442 0.018679
0.029442 0.024610
0.029442 0.023073
0.028564 0.021535
0.028564 0.021535
0.030760 0.027466
0.030760 0.022853
0.032955 0.021096
0.027905 0.021096
0.027905 0.020217
0.032955 0.016482
0.026148 0.022853
0.024610 0.023951
0.021974 0.028564
0.023073 0.022853
0.023073 0.021974
0.023073 0.023732
0.026368 0.023732
0.020876 0.026368
0.021974 0.023073
0.020876 0.023951
0.019778 0.025050
0.020876 0.026148
0.021755 0.026148
0.021974 0.025050
0.021755 0.025050
0.021974 0.024171
0.017581 0.025269
0.021315 0.021974
0.021315 0.023073
0.018679 0.023292
0.019778 0.024171
0.020876 0.024171
0.021096 0.018679
0.021974 0.025269
0.021096 0.022633
0.021974 0.022414
0.021096 0.021535
0.020656 0.023073
0.020437 0.021755
0.019778 0.020876
0.020217 0.020876
0.019778 0.023073
0.020437 0.022414
0.020876 0.022414
0.021315 0.021755
0.020876 0.021755
0.020876 0.022194
0.021315 0.020876
0.021974 0.021755
0.021315 0.020876
0.018679 0.019778
0.021315 0.019778
0.024171 0.016482
0.021535 0.020656
0.021096 0.020656
0.021974 0.017581
0.018679 0.019778
0.020656 0.021755
0.019997 0.021974
0.019997 0.021974
0.020437 0.020656
0.020217 0.020656
0.019997 0.020876
0.019997 0.022414
0.019997 0.021755
0.019997 0.021974
0.020656 0.020437
0.021974 0.017581
0.020656 0.022633
0.021096 0.021096
0.021096 0.021096
0.024171 0.026368
0.021096 0.022633
0.018679 0.022633
0.020656 0.022633
0.021755 0.023951
0.019778 0.025269
0.020656 0.024171
0.020656 0.023951
0.024171 0.025269
0.020876 0.026367
0.020217 0.025050
0.020876 0.025050
0.020876 0.021974
0.020876 0.025269
0.024171 0.025269
0.020876 0.026367
0.025269 0.026367
0.019778 0.026587
0.019778 0.028124
0.020437 0.028124
0.020876 0.026587
0.020437 0.027905
0.021974 0.027905
0.020876 0.028564
0.018679 0.025709
0.020876 0.025709
0.021755 0.025269
0.022633 0.025050
0.019778 0.027466
0.017581 0.025050
0.023951 0.023951
0.021974 0.023073
0.023951 0.021755
0.023951 0.022414
0.025050 0.022414
0.025709 0.023951
0.019778 0.025269
0.026367 0.020437
0.025050 0.020437
0.026368 0.023073
0.027466 0.020437
0.029662 0.018459
0.028564 0.020437
0.031857 0.022414
0.019778 0.018679
0.027466 0.021974
0.027466 0.020437
0.027466 0.018459
0.026148 0.016262
0.027466 0.014285
0.027466 0.013186
0.027466 0.014285
0.027466 0.014285
0.027466 0.012087
0.030760 0.009670
0.027466 0.007692
0.028124 0.007692
0.028124 0.006813
0.031857 0.006813
0.027466 0.008571
0.028124 0.008571
0.021974 0.007912
0.028344 0.007912
0.027905 0.007912
0.026148 0.009670
0.027905 0.007692
0.026148 0.007912
0.026148 0.009670
0.026807 0.009670
0.024390 0.007692
0.022413 0.006593
0.019997 0.003297
0.022413 0.003297
0.024390 0.003297
0.024390 0.004615
0.022413 0.001978
0.018679 0.001978
0.026368 0.001978
0.022413 0.001978
0.022413 0.001978
0.020217 0.001978
0.020217 0.001978
0.021315 0.001978
0.021315 -0.001319
0.018899 -0.001319
0.015383 0.001978
0.018899 0.002198
0.019118 0.005055
0.019338 0.005714
0.019338 0.005714
0.019338 0.005714
0.021315 0.005714
0.021974 0.003077
0.019997 0.005714
0.019997 0.006373
0.018020 0.008571
0.018020 0.008571
0.018240 0.010109
0.018240 0.007472
0.016482 0.007472
0.017800 0.007472
0.017800 0.005714
0.017800 0.007692
0.017800 0.007692
0.018459 0.005055
0.017800 0.007692
0.018679 0.005055
0.016482 0.005055
0.018459 0.005055
0.018459 0.007692
0.018459 0.007692
0.019778 0.011647
0.018899 0.011647
0.018899 0.007692
0.016482 0.009230
0.018899 0.010769
0.019778 0.010769
0.019778 0.010769
0.019558 0.010769
0.017581 0.013186
0.019558 0.013186
0.020876 0.009890
0.019558 0.010769
0.025269 0.010769
0.020876 0.010769
0.020876 0.009670
0.019558 0.010329
0.020876 0.009230
0.020876 0.010329
0.019778 0.010329
0.019778 0.013405
0.018679 0.010329
0.019119 0.010329
0.019119 0.009890
0.019119 0.010989
0.019119 0.015822
0.019119 0.012307
0.019119 0.012307
0.016482 0.015383
0.018459 0.012307
0.019778 0.009230
0.019778 0.009230
0.019997 0.009450
0.021535 0.009450
0.019997 0.012526
0.021535 0.009670
0.025269 0.012746
0.016482 0.012746
0.019778 0.014284
0.019338 0.014284
0.019338 0.014284
0.020217 0.014284
0.019997 0.017360
0.018679 0.020656
0.018679 0.024829
0.017800 0.028344
0.017800 0.027466
0.017800 0.032955
0.017800 0.032955
0.017800 0.030540
0.017800 0.028344
0.017581 0.029661
0.018679 0.031857
0.017581 0.032516
0.019558 0.031199
0.020876 0.031857
0.021974 0.032516
0.020876 0.032516
0.017581 0.040637
0.022633 0.032516
0.022633 0.031199
0.022633 0.031199
0.022633 0.031199
0.023732 0.034053
0.024830 0.031199
0.024830 0.030979
0.023732 0.030979
0.028564 0.030100
0.025269 0.029661
0.028564 0.030100
0.030760 0.031857
0.029662 0.032296
0.027466 0.030760
0.021974 0.030320
0.025269 0.028344
0.023073 0.036248
0.026368 0.030320
0.023073 0.028344
0.025269 0.030320
0.026367 0.028563
0.027466 0.028563
0.030760 0.026806
0.026367 0.026587
0.026587 0.025049
0.027466 0.025049
0.027905 0.018679
0.032955 0.023292
0.026368 0.020876
0.028564 0.023073
0.027685 0.024171
0.034053 0.027465
0.026807 0.021974
0.026148 0.019778
0.029662 0.023073
0.026148 0.024391
0.025269 0.023512
0.025709 0.023073
0.023073 0.023073
0.030760 0.024171
0.025928 0.023512
0.026587 0.019778
0.027246 0.023512
0.024171 0.024391
0.025928 0.024391
0.025489 0.019778
0.026368 0.023073
0.026587 0.027466
0.026148 0.023512
0.027466 0.023512
0.020876 0.023292
0.026367 0.023951
0.025709 0.023951
0.027466 0.025489
0.023073 0.023073
0.026367 0.027026
0.025269 0.027026
0.026367 0.027026
0.020876 0.035150
0.025709 0.028783
0.025709 0.030540
0.025709 0.031857
0.025709 0.032955
0.026367 0.032735
0.025269 0.033833
0.026367 0.033174
0.026367 0.033174
0.027026 0.033174
0.025709 0.034931
0.024610 0.034052
0.024610 0.034052
0.026148 0.029662
0.027466 0.036028
0.029662 0.037783
0.029662 0.037783
0.035150 0.038442
0.030540 0.042171
0.032077 0.042171
0.030540 0.043928
0.037345 0.053351
0.036248 0.053351
0.030540 0.072401
0.030540 0.059484
0.030540 0.053351
0.032077 0.053351
0.038443 0.053351
0.030540 0.064745
0.028344 0.052692
0.028344 0.059484
0.032955 0.059484
0.032955 0.065179
0.026148 0.063865
0.026148 0.063865
0.021974 0.062330
0.026806 0.055538
0.027466 0.062330
0.024610 0.055538
0.027465 0.047869
0.030320 0.041511
0.030320 0.038658
0.030320 0.043918
0.027465 0.043918
0.026366 0.043918
0.020435 0.052466
0.019995 0.054214
0.019995 0.054214
0.019995 0.054214
0.011426 0.047197
0.011426 0.047197
0.017797 0.061199
0.017797 0.058176
0.008789 0.061199
0.008789 0.042364
0.008789 0.025037
0.007031 0.029870
-0.004833 0.033380
-0.004833 0.033380
-0.015818 0.033380
-0.004833 0.018888
-0.004833 0.018888
-0.000879 0.007908
-0.004176 0.001317
-0.004176 0.001317
0.001538 0.009008
-0.004176 0.005933
0.000220 0.004175
-0.000220 0.004175
0.005494 0.004175
0.007692 -0.003736
0.012526 -0.003736
0.007692 -0.009670
0.012526 -0.009670
0.012526 -0.015379
0.007692 -0.015379
0.012526 -0.022404
0.009010 -0.022404
0.009010 -0.009665
0.008351 -0.002417
0.003736 0.005493
0.006154 0.005493
0.006154 -0.002417
0.006154 -0.002417
0.009450 -0.002417
0.013406 -0.007472
0.016262 -0.008132
0.016262 -0.004835
0.016262 -0.001978
0.016921 0.002417
0.016921 0.002417
0.014285 0.001978
0.014285 0.001978
0.016921 0.001978
0.015383 0.005714
0.014065 0.005714
0.015383 0.001978
0.016262 -0.001099
0.019778 -0.001099
0.016262 0.000659
0.016262 0.001099
0.016262 -0.000440
0.016262 -0.000440
0.015383 -0.000659
0.015603 0.000879
0.015603 0.000879
0.016921 -0.000000
0.016921 -0.000000
0.013186 0.001319
0.015603 0.001319
0.016262 0.003956
0.016262 0.003077
0.017141 0.005494
0.015383 0.003077
0.013186 0.003077
0.018679 0.005494
0.017581 0.007033
0.017800 0.004396
0.017800 0.003077
0.018899 0.004615
0.018899 0.004615
0.020876 0.007033
0.019777 0.008791
0.016482 0.008791
0.019777 0.007033
0.018020 0.008791
0.018020 0.010549
0.018020 0.010549
0.016921 0.012307
0.016482 0.012307
0.016921 0.010549
0.018020 0.011428
0.018020 0.011428
0.018020 0.011428
0.018020 0.010988
0.018020 0.010988
0.018679 0.010988
0.016482 0.012746
0.016482 0.012087
0.013186 0.010988
0.016482 0.012746
0.016482 0.014724
0.016482 0.013186
0.016921 0.016262
0.016262 0.014944
0.014944 0.014944
0.014944 0.015603
0.016262 0.015603
0.016262 0.015603
0.017800 0.016921
0.017141 0.015603
0.017141 0.017581
0.015383 0.016262
0.013845 0.014285
0.015383 0.017800
0.015383 0.016262
0.017581 0.016262
0.015823 0.017800
0.013845 0.019118
0.013845 0.019118
0.015383 0.019118
0.015383 0.018240
0.015383 0.016921
0.016262 0.016921
0.016262 0.018020
0.018240 0.016482
0.016262 0.015603
0.016043 0.015603
0.016043 0.014724
0.016482 0.013845
0.016482 0.013845
0.015603 0.013845
0.015603 0.013845
0.014724 0.013845
0.014724 0.013186
0.015603 0.014285
0.016482 0.015823
0.016702 0.014724
0.015603 0.015383
0.016702 0.016043
0.016702 0.016043
0.017581 0.016043
0.018679 0.014285
0.017800 0.019778
0.017800 0.018239
0.019558 0.016043
0.017581 0.015164
0.017800 0.015164
0.019558 0.012087
0.017800 0.015164
0.018899 0.015164
0.020876 0.015164
0.019997 0.015164
0.019997 0.015164
0.018899 0.013406
0.018899 0.013406
0.018899 0.014285
0.017581 0.011868
0.018899 0.011868
0.018899 0.010109
0.017581 0.010109
0.017581 0.011868
0.018240 0.013625
0.018899 0.014504
0.021096 0.014504
0.021096 0.016482
0.022633 0.016702
0.022633 0.020876
0.023732 0.018240
0.019778 0.019778
0.024830 0.020876
0.024830 0.019778
0.024830 0.019778
0.024830 0.019778
0.028564 0.020217
0.025269 0.020217
0.024391 0.019118
0.021974 0.019118
0.024391 0.018240
0.023951 0.016482
0.028564 0.017361
0.029662 0.018679
0.025050 0.016702
0.025269 0.016702
0.026368 0.017361
0.029662 0.013186
0.026148 0.018240
0.026807 0.019118
0.029662 0.019118
0.027026 0.018240
0.027026 0.019118
0.020876 0.019118
0.026368 0.016482
0.024171 0.018679
0.027026 0.021315
0.026368 0.016482
0.026368 0.021315
0.027026 0.022414
0.023073 0.022414
0.027026 0.023732
0.027026 0.025269
0.026368 0.020876
0.025928 0.028564
0.025928 0.024171
0.026368 0.025489
0.025928 0.026367
0.027466 0.027466
0.026368 0.026367
0.025050 0.024830
0.019778 0.020876
0.024171 0.023512
0.024171 0.029662
0.025050 0.024830
0.025928 0.026367
0.025269 0.026367
0.027026 0.026807
0.028124 0.027466
0.028124 0.030760
0.028124 0.028564
0.029003 0.028564
0.028124 0.029662
0.028124 0.029222
0.028124 0.029222
0.029662 0.025269
0.028124 0.026368
0.028124 0.030979
0.021974 0.030979
0.027685 0.030979
0.027466 0.030979
0.025928 0.031857
0.025928 0.032955
0.025928 0.035150
0.025928 0.030540
0.030760 0.029442
0.030760 0.029442
0.031857 0.027466
0.026368 0.027466
0.026807 0.030540
0.028564 0.027466
0.028564 0.028783
0.028564 0.027685
0.026368 0.028124
0.028564 0.026807
0.027466 0.026807
0.025928 0.026587
0.029662 0.032955
0.025928 0.025928
0.025489 0.027685
0.025050 0.020876
0.025050 0.029442
0.027026 0.029661
0.027026 0.027905
0.025050 0.027905
0.025050 0.023073
0.022633 0.030978
0.019777 0.031417
0.016481 0.035368
0.012966 0.040633
0.012966 0.034709
0.009670 0.039974
0.007692 0.039974
0.009670 0.049183
0.007253 0.058602
0.009670 0.049183
0.008791 0.049183
0.007912 0.058602
0.006373 0.058602
0.007912 0.047426
0.009670 0.042597
0.009670 0.053992
0.009890 0.053992
0.005934 0.056178
0.004615 0.069317
0.002198 0.069317
0.000440 0.079379
-0.002857 0.079379
-0.006813 0.053794
-0.008570 0.056178
-0.014283 0.056178
-0.021972 0.069317
-0.034479 0.069317
-0.044350 0.057922
-0.052681 0.068880
-0.052681 0.078943
-0.048070 0.081140
-0.058592 0.068880
-0.058592 0.078943
-0.044554 0.068880
-0.044554 0.073920
-0.030950 0.064293
-0.044554 0.053778
-0.053995 0.053778
-0.041488 0.042820
-0.055526 0.027455
-0.071075 0.014494
-0.055526 0.014494
-0.055526 0.014494
-0.050710 0.017121
-0.050710 0.037309
-0.037765 0.037309
-0.037765 0.037309
-0.050710 0.017121
-0.057076 -0.003734
-0.057076 0.000438
-0.057076 -0.012743
-0.062331 -0.026144
-0.067788 -0.026144
-0.067788 -0.012743
-0.088645 -0.014060
-0.088645 -0.028118
-0.088645 -0.014060
-0.067788 -0.014060
-0.067788 -0.014060
-0.058170 -0.012962
-0.058170 -0.028118
-0.049185 -0.024826
-0.040851 -0.024168
-0.035145 -0.010328
-0.027242 -0.010328
-0.027242 -0.024168
-0.016919 -0.016478
-0.009888 -0.003955
-0.009888 -0.017795
-0.016919 -0.030976
-0.027242 -0.030976
-0.016480 -0.030976
-0.016480 -0.034929
-0.024828 -0.034929
-0.030539 -0.040416
-0.030539 -0.040416
-0.030539 -0.040416
-0.024828 -0.034929
-0.024828 -0.029440
-0.024828 -0.033611
-0.015821 -0.033611
-0.015821 -0.040416
-0.008130 -0.045899
-0.001538 -0.054004
-0.001538 -0.054004
-0.008130 -0.067115
-0.001538 -0.067115
-0.001538 -0.067115
0.002637 -0.063607
0.007033 -0.063607
0.007033 -0.062071
0.007033 -0.046985
0.007033 -0.046985
0.002637 -0.046985
0.007033 -0.037123
0.010110 -0.027681
0.010110 -0.027681
0.011867 -0.027681
0.015163 -0.034052
0.021974 -0.034052
0.017800 -0.033394
0.017800 -0.027901
0.017800 -0.018674
0.017800 -0.027901
0.017360 -0.018674
0.017360 -0.018674
0.021534 -0.024827
0.021534 -0.024827
0.023292 -0.018017
0.025928 -0.010108
0.025928 -0.002856
0.025928 -0.002856
0.025928 -0.002856
0.029662 0.004835
0.027685 0.012085
0.028344 0.004835
0.030759 0.012085
0.030760 0.012085
0.021974 0.004835
0.030759 0.012085
0.030759 0.012085
0.030760 0.012085
0.026587 0.023284
0.028344 0.026580
0.028344 0.026580
0.028344 0.034046
0.026587 0.025045
0.028344 0.027023
0.034053 0.033170
0.028344 0.033170
0.029662 0.033170
0.030759 0.027023
0.030759 0.033170
0.030759 0.033170
0.028564 0.027023
0.028124 0.022413
0.028124 0.022413
0.028124 0.018020
0.026367 0.018020
0.025488 0.014284
0.022853 0.018020
0.021974 0.018020
0.018020 0.020876
0.016702 0.019778
0.015383 0.017361
0.018459 0.018899
0.018459 0.018679
0.017141 0.020217
0.018020 0.022853
0.016702 0.022853
0.018020 0.022853
0.015383 0.022853
0.016921 0.022853
0.018240 0.020217
0.017581 0.023073
0.018240 0.022853
0.017800 0.020217
0.017800 0.020217
0.017800 0.020217
0.017800 0.020217
0.017581 0.020437
0.017800 0.019778
0.016921 0.023072
0.017581 0.022633
0.016482 0.018679
0.016043 0.019997
0.016921 0.022633
0.016921 0.026147
0.016921 0.022633
0.016921 0.019778
0.016921 0.019778
0.016482 0.019778
0.016482 0.018899
0.016482 0.018899
0.016482 0.019997
0.015383 0.017581
0.019778 0.023731
0.015383 0.027245
0.016702 0.031417
0.016702 0.036905
0.016482 0.038658
0.015164 0.034930
0.016921 0.036248
0.016921 0.034711
0.017361 0.040195
0.015603 0.045678
0.015603 0.045678
0.015163 0.051597
0.015163 0.045678
0.017141 0.045678
0.015163 0.045678
0.015823 0.045678
0.014724 0.046336
0.009890 0.051816
0.012746 0.048088
0.012746 0.046991
0.010549 0.059271
0.010549 0.064745
0.012746 0.052910
0.010549 0.047430
0.010989 0.037345
0.012746 0.035150
0.012746 0.038662
0.014724 0.043486
0.014065 0.043486
0.014065 0.044144
0.012307 0.044144
0.010989 0.043487
0.010989 0.047872
0.012307 0.047872
0.013186 0.053133
0.010989 0.057954
0.010989 0.062117
0.011428 0.057954
0.011868 0.057954
0.012966 0.057735
0.011868 0.052914
0.012966 0.048748
0.011868 0.037345
0.012966 0.045024
0.014504 0.039759
0.015164 0.039320
0.015164 0.037783
0.016482 0.038222
0.016702 0.040637
0.016702 0.034710
0.015164 0.034710
0.016482 0.034710
0.016482 0.034710
0.015164 0.038222
0.015164 0.038222
0.018679 0.038222
0.017800 0.037783
0.017800 0.027466
0.017800 0.037564
0.017800 0.037564
0.018679 0.035808
0.018679 0.033174
0.020876 0.035808
0.019338 0.036906
0.015383 0.033832
0.021974 0.033832
0.020217 0.029662
0.019778 0.033832
0.020437 0.033832
0.020437 0.034271
0.018679 0.034271
0.023073 0.033832
0.020437 0.033832
0.020437 0.036686
0.020437 0.033832
0.019778 0.036248
0.020437 0.029661
0.020437 0.031857
0.019778 0.034491
0.019778 0.035150
0.024171 0.036906
0.020437 0.042831
0.021096 0.046121
0.021755 0.036906
0.020876 0.038881
0.020876 0.040417
0.019778 0.040417
0.026368 0.040417
0.021315 0.046121
0.021315 0.040417
0.021315 0.040637
0.021315 0.041734
0.021755 0.042392
0.022414 0.041734
0.018679 0.041734
0.022414 0.042392
0.023512 0.043489
0.023512 0.047218
0.023512 0.044366
0.023512 0.044366
0.022194 0.049410
0.022633 0.045244
0.020876 0.046560
0.020876 0.040637
0.022194 0.047217
0.025269 0.047217
0.027466 0.047217
0.021755 0.047217
0.017581 0.046998
0.022633 0.046340
0.022633 0.044805
0.022633 0.042831
0.023073 0.046340
0.022633 0.044585
0.017581 0.046340
0.023292 0.055985
0.024391 0.050506
0.029662 0.043928
0.024391 0.049410
0.025489 0.048095
0.024391 0.046779
0.023732 0.049410
0.023073 0.046779
0.024171 0.048314
0.021755 0.049849
0.021755 0.049410
0.021755 0.048314
0.021755 0.048314
0.021974 0.051383
0.019997 0.049849
0.019997 0.051603
0.019997 0.038443
0.018459 0.048314
0.021974 0.048314
0.016702 0.046559
0.017580 0.044366
0.017580 0.042172
0.017580 0.042172
0.017580 0.043269
0.017580 0.043269
0.017580 0.043269
0.015603 0.040197
0.015603 0.037125
0.015383 0.037125
0.013186 0.041734
0.011648 0.040197
0.011648 0.037125
0.013406 0.037125
0.010989 0.037125
0.012087 0.039757
0.009230 0.047647
0.011428 0.042819
0.009230 0.039526
0.009230 0.037110
0.006813 0.037110
0.006813 0.030538
0.006813 0.030538
0.008351 0.026805
0.008351 0.026805
0.008351 0.026805
0.008351 0.026805
0.008351 0.030757
0.010109 0.030757
0.010109 0.026805
0.008351 0.026805
0.008351 0.026805
0.006593 0.035141
0.004835 0.035141
0.006593 0.035141
0.006813 0.045663
0.007472 0.057713
0.004835 0.070193
0.007692 0.070193
0.004835 0.083524
0.007692 0.093335
0.007692 0.102910
0.004835 0.102910
0.004835 0.102910
0.003297 0.102694
0.003956 0.110521
0.003516 0.117256
0.005934 0.122461
0.005934 0.121377
0.005934 0.112707
0.005934 0.119210
0.008131 0.147277
0.004835 0.089867
0.000879 0.121377
0.000879 0.119210
0.000879 0.119210
0.001538 0.119210
-0.000440 0.119210
-0.000440 0.119210
0.002418 0.123543
0.004835 0.146202
0.008131 0.119210
0.005055 0.114000
0.005494 0.121378
0.005494 0.108571
0.005494 0.123543
0.008571 0.115961
0.005494 0.116826
0.005494 0.117042
0.008571 0.117042
0.011208 0.115957
0.011208 0.115957
0.014504 0.110746
0.016482 0.115957
0.014504 0.110746
0.015383 0.110746
0.015383 0.108578
0.018020 0.097492
0.018020 0.101405
0.021315 0.101405
0.021315 0.095315
0.021754 0.097707
0.027463 0.097707
0.028781 0.097707
0.034050 0.111622
0.038878 0.093353
0.043267 0.107279
0.045024 0.090955
0.045024 0.096404
0.045024 0.074587
0.051603 0.092047
0.045681 0.090955
0.049410 0.093353
0.045681 0.093353
0.045023 0.085505
0.050506 0.110537
0.045023 0.085505
0.050506 0.101841
0.047875 0.101405
0.048314 0.101405
0.042171 0.101405
0.042171 0.100752
0.045023 0.100752
0.059271 0.100752
0.047875 0.104667
0.046998 0.100752
0.036248 0.114877
0.036248 0.102271
0.048972 0.102271
0.051603 0.101400
0.048972 0.109213
0.048972 0.109213
0.048972 0.097492
0.040637 0.109213
0.050506 0.118967
0.050506 0.118967
0.049629 0.125885
0.047436 0.136057
0.044584 0.136925
0.043927 0.130229
0.044365 0.130229
0.044365 0.120703
0.051603 0.120703
0.044365 0.140820
0.046121 0.120703
0.038661 0.117022
0.035809 0.126548
0.033832 0.132814
0.034053 0.123072
0.034052 0.123072
0.030759 0.123072
0.034052 0.123072
0.034052 0.112456
0.038003 0.109840
0.035149 0.108546
0.034710 0.096375
0.034710 0.085262
0.030320 0.085262
0.028782 0.084414
0.028782 0.090696
0.034270 0.073494
0.033174 0.081552
0.033174 0.081552
0.028782 0.092664
0.029441 0.081552
0.025708 0.085050
0.027904 0.075238
0.024171 0.075238
0.025049 0.067141
0.022853 0.067141
0.020217 0.066704
0.020217 0.074147
0.018459 0.066704
0.018679 0.066704
0.018459 0.063650
0.016482 0.058602
0.016482 0.050933
0.018459 0.050933
0.019778 0.043045
0.018459 0.035369
0.018459 0.035369
0.018459 0.035369
0.018459 0.035369
0.021974 0.028781
0.018459 0.033613
0.019778 0.028122
0.019778 0.023290
0.021315 0.017798
0.015383 0.023290
0.016482 0.023290
0.021755 0.023510
0.019778 0.028342
0.019778 0.033613
0.021974 0.035150
0.019558 0.025269
0.019558 0.033174
0.019558 0.033174
0.021315 0.029660
0.021315 0.030099
0.022853 0.025707
0.022414 0.025707
0.020876 0.025707
0.020876 0.025707
0.020876 0.023731
0.021535 0.025488
0.026368 0.023073
0.023073 0.023073
0.023073 0.023073
0.023073 0.023073
0.023073 0.023073
0.023073 0.023073
0.023073 0.023073
0.017581 0.023073
0.025269 0.023073
0.025269 0.023073
0.023073 0.023073
0.023073 0.018679
0.023073 0.023073
0.023073 0.023073
0.023073 0.023073
0.023073 0.023073
0.027466 0.023073
0.023073 0.025269
0.023073 0.023073
0.023073 0.023073
