0.010989 0.063212
0.009890 0.063212
0.010989 0.063212
0.010989 0.063212
0.010989 0.063212
0.010989 0.063212
0.010989 0.059271
0.010989 0.063212
0.010989 0.063212
0.010989 0.076772
0.010989 0.063212
0.009890 0.061461
0.010989 0.063212
0.010989 0.065839
0.010989 0.078956
0.010989 0.073494
0.010989 0.054890
0.010989 0.062556
0.010989 0.071307
0.010989 0.063212
0.010989 0.057081
0.010989 0.063212
0.012087 0.063212
0.010989 0.059271
0.014065 0.065838
0.012087 0.075679
0.014944 0.065401
0.014944 0.078956
0.018679 0.083323
0.018679 0.076772
0.016043 0.066933
0.016043 0.073494
0.016262 0.065401
0.016702 0.067151
0.017141 0.075679
0.016702 0.064087
0.018679 0.075679
0.017581 0.061679
0.018020 0.060365
0.017581 0.055985
0.021974 0.062336
0.015383 0.064744
0.016482 0.062556
0.020876 0.064744
0.014285 0.069120
0.020876 0.064963
0.018240 0.062336
0.018240 0.071307
0.014285 0.062336
0.018240 0.062336
0.017800 0.058612
0.015383 0.055765
0.018020 0.055765
0.017581 0.055765
0.018020 0.055765
0.018240 0.055765
0.018020 0.055765
0.018679 0.046121
0.018459 0.059270
0.018459 0.065839
0.023073 0.081140
0.017800 0.061459
0.017800 0.064963
0.018459 0.062772
0.019778 0.060366
0.018459 0.058611
0.017581 0.061240
0.015383 0.076772
0.016921 0.065837
0.016921 0.061240
0.015383 0.051603
0.017581 0.065837
0.016921 0.066932
0.016043 0.064087
0.018679 0.080048
0.017141 0.069994
0.019778 0.072617
0.016043 0.066933
0.014285 0.074587
0.016043 0.072617
0.016043 0.075459
0.015383 0.072836
0.014944 0.072836
0.015603 0.082232
0.015603 0.070213
0.014285 0.061461
0.015603 0.070213
0.016262 0.070213
0.016921 0.068682
0.016043 0.078956
0.013186 0.066933
0.018679 0.065839
0.016921 0.065401
0.016043 0.066933
0.018679 0.065401
0.014944 0.060800
0.017581 0.065839
0.013845 0.056857
0.013845 0.055324
0.013186 0.055324
0.014285 0.050284
0.015383 0.055324
0.015383 0.050284
0.015383 0.050284
0.014504 0.044583
0.015383 0.048970
0.015164 0.047217
0.019778 0.042830
0.015164 0.040637
0.016262 0.032955
0.017361 0.039098
0.017361 0.039098
0.016262 0.039098
0.017581 0.039098
0.017581 0.033830
0.017800 0.033830
0.018899 0.028123
0.016482 0.023292
0.018459 0.018898
0.016921 0.023073
0.016921 0.018898
0.013186 0.018898
0.017361 0.016482
0.015823 0.018898
0.014065 0.023292
0.014065 0.023292
0.014944 0.025269
0.014944 0.032734
0.014944 0.032734
0.015383 0.031197
0.015383 0.028342
0.014285 0.034050
0.014724 0.034050
0.015603 0.034050
0.015603 0.039317
0.016262 0.044584
0.019778 0.040194
0.016921 0.040194
0.016482 0.035147
0.016482 0.035147
0.015823 0.041734
0.017581 0.035147
0.015823 0.035147
0.014944 0.035147
0.017581 0.040414
0.015383 0.040414
0.014504 0.039098
0.014504 0.039098
0.014285 0.032955
0.015383 0.030975
0.015383 0.030975
0.014285 0.039098
0.016043 0.030975
0.016043 0.039098
0.017581 0.044145
0.014504 0.044145
0.014504 0.048094
0.014504 0.048094
0.014504 0.048752
0.015383 0.051603
0.015383 0.046559
0.016043 0.048752
0.013186 0.048752
0.015383 0.048752
0.015383 0.044803
0.016262 0.042831
0.018679 0.046778
0.015164 0.043049
0.015164 0.043049
0.015164 0.046778
0.014285 0.046778
0.014285 0.046997
0.013845 0.052698
0.010989 0.057081
0.013845 0.046559
0.013845 0.046559
0.015164 0.048533
0.015164 0.045024
0.015164 0.051383
0.012087 0.048533
0.015164 0.046778
0.016482 0.049628
0.014285 0.049628
0.016482 0.055542
0.017581 0.055542
0.018459 0.042831
0.018459 0.056416
0.019778 0.056416
0.014285 0.063203
0.015823 0.069330
0.015823 0.084414
0.017361 0.069330
0.016702 0.075018
0.015603 0.075018
0.015603 0.073703
0.015603 0.066480
0.014285 0.058818
0.014285 0.058818
0.012087 0.058379
0.013845 0.058379
0.014724 0.076772
0.013845 0.058379
0.013845 0.078956
0.013406 0.058379
0.012747 0.058379
0.009890 0.050935
0.011868 0.041734
0.011868 0.054661
0.010989 0.054661
0.010549 0.047214
0.010989 0.046117
0.011868 0.041294
0.014285 0.038223
0.009890 0.038223
0.012747 0.038223
0.009890 0.037345
0.011868 0.032955
0.012087 0.035150
0.014285 0.036467
0.012307 0.036467
0.013186 0.036467
0.012747 0.036248
0.012747 0.037565
0.010989 0.031857
0.011868 0.037565
0.011868 0.037345
0.009890 0.036248
0.013406 0.036248
0.013406 0.039540
0.014285 0.036248
0.011868 0.027466
0.010989 0.034931
0.010989 0.033614
0.010989 0.034931
0.011648 0.030760
0.014285 0.037565
0.012527 0.040635
0.012527 0.044145
0.012087 0.047435
0.012087 0.048312
0.012087 0.038443
0.012966 0.051821
0.012966 0.053794
0.012966 0.048312
0.013626 0.048751
0.014285 0.050286
0.015383 0.050286
0.014724 0.048313
0.014724 0.046120
0.015164 0.048313
0.015603 0.048313
0.013186 0.050506
0.019778 0.057081
0.016043 0.053136
0.015164 0.052698
0.014285 0.052698
0.015383 0.050067
0.015164 0.050067
0.016482 0.042831
0.015164 0.048094
0.015164 0.048094
0.015164 0.037345
0.016043 0.047656
0.016921 0.041734
0.018679 0.049410
0.015164 0.045682
0.014724 0.043928
0.014285 0.047656
0.014944 0.045682
0.014944 0.043489
0.014944 0.043489
0.014944 0.031857
0.015823 0.041514
0.014285 0.039540
0.014285 0.029662
0.014285 0.038004
0.013186 0.036906
0.015383 0.036906
0.015383 0.036906
0.014724 0.035809
0.014285 0.035150
0.012747 0.034053
0.013406 0.035150
0.013406 0.034053
0.010989 0.033614
0.012087 0.033614
0.012087 0.034711
0.012087 0.034711
0.010989 0.039540
0.013186 0.037345
0.012087 0.037345
0.012087 0.029662
0.009890 0.036248
0.011648 0.036467
0.011648 0.036467
0.012087 0.038662
0.011648 0.045024
0.008791 0.038662
0.010989 0.038662
0.009890 0.031857
0.010989 0.038662
0.010989 0.038662
0.010989 0.041294
0.010989 0.038662
0.010989 0.048314
0.008791 0.045461
0.010769 0.041294
0.010989 0.041294
0.010769 0.041294
0.010769 0.044802
0.010989 0.044364
0.011208 0.048750
0.010769 0.048750
0.010769 0.051163
0.010769 0.062556
0.011208 0.054231
0.012087 0.054231
0.010769 0.054231
0.011208 0.054231
0.011428 0.054231
0.011648 0.063650
0.012087 0.054231
0.011648 0.050724
0.011648 0.057081
0.012087 0.054231
0.012087 0.053135
0.012747 0.050286
0.009890 0.045899
0.012966 0.057081
0.012966 0.045899
0.012087 0.045899
0.013845 0.045899
0.013845 0.048314
0.013845 0.045899
0.013845 0.041294
0.013845 0.042831
0.014944 0.045899
0.012087 0.041294
0.013186 0.045899
0.014944 0.045899
0.018679 0.035150
0.015383 0.041952
0.015383 0.041952
0.014285 0.043927
0.015383 0.041294
0.016482 0.046121
0.013186 0.043927
0.017141 0.043927
0.015383 0.043927
0.016482 0.041294
0.016702 0.041294
0.016702 0.038222
0.016702 0.041294
0.017361 0.038222
0.020876 0.038222
0.017581 0.038222
0.018020 0.038222
0.018459 0.041294
0.018459 0.041294
0.019119 0.045461
0.018459 0.037345
0.018679 0.041733
0.018899 0.045024
0.019778 0.045461
0.019558 0.045461
0.024171 0.049409
0.016482 0.047653
0.015383 0.047653
0.018679 0.047653
0.023073 0.043706
0.019558 0.039978
0.014285 0.043706
0.018679 0.043706
0.019778 0.040856
0.023073 0.040856
0.018679 0.042831
0.020217 0.040856
0.020217 0.044584
0.021315 0.044584
0.016482 0.049845
0.023073 0.049845
0.021096 0.049845
0.021974 0.044584
0.021974 0.043048
0.021755 0.043926
0.021755 0.043926
0.017581 0.037345
0.021974 0.040198
0.022633 0.040198
0.024171 0.043926
0.022633 0.050500
0.023073 0.056196
0.023512 0.057948
0.023512 0.065392
0.023073 0.084414
0.022853 0.070214
0.022853 0.087687
0.022414 0.071525
0.022414 0.064080
0.022414 0.061892
0.021974 0.061892
0.026368 0.061892
0.022633 0.061892
0.021974 0.056196
0.025269 0.057074
0.019778 0.057074
0.023073 0.057074
0.021315 0.057074
0.024171 0.051378
0.020876 0.051378
0.019558 0.051378
0.020656 0.046776
0.019558 0.051378
0.016482 0.057074
0.019558 0.073494
0.016482 0.057074
0.021974 0.056199
0.021315 0.056199
0.021315 0.062556
0.021315 0.051378
0.021315 0.051378
0.020656 0.070214
0.020656 0.061895
0.021535 0.061895
0.018679 0.061895
0.020876 0.061895
0.020217 0.061895
0.020437 0.061895
0.020437 0.061895
0.020656 0.061895
0.019777 0.056199
0.017580 0.050720
0.017580 0.050938
0.017580 0.045020
0.019338 0.045020
0.022633 0.045020
0.025488 0.050938
0.023950 0.050720
0.023950 0.050720
0.023950 0.051376
0.027245 0.048961
0.030540 0.057730
0.030540 0.058168
0.035150 0.058168
0.030540 0.066699
0.032296 0.066699
0.032296 0.066699
0.038443 0.063626
0.033175 0.063626
0.034492 0.076544
0.034492 0.082440
0.035150 0.088335
0.039540 0.082659
0.037126 0.082659
0.037126 0.087226
0.038442 0.099845
0.039759 0.099845
0.040198 0.100709
0.037345 0.100709
0.043707 0.110072
0.043707 0.119833
0.046996 0.119833
0.046338 0.120696
0.045021 0.141897
0.034053 0.113792
0.049188 0.119606
0.054886 0.130445
0.057075 0.130445
0.057075 0.138860
0.057075 0.138860
0.054890 0.147691
0.071307 0.147691
0.057075 0.153905
0.063428 0.153905
0.063428 0.153905
0.066933 0.143589
0.056636 0.151528
0.063428 0.162484
0.063428 0.162484
0.063428 0.171000
0.067586 0.182945
0.068242 0.193120
0.059917 0.193120
0.064960 0.193120
0.069118 0.201160
0.069775 0.201160
0.071307 0.211071
0.071307 0.222131
0.071307 0.174045
0.068901 0.214243
0.068901 0.204979
0.071307 0.217587
0.069775 0.218221
0.067151 0.202032
0.064525 0.194632
0.059048 0.201619
0.048519 0.177241
0.037986 0.178667
0.030309 0.178667
0.030309 0.178667
0.029430 0.165420
0.026362 0.150644
0.025922 0.132951
0.028119 0.132951
0.028119 0.132951
0.023729 0.132951
0.016921 0.115025
0.016921 0.127168
0.020656 0.124581
0.016921 0.133271
0.016921 0.097201
0.016921 0.097201
0.016921 0.080209
0.016921 0.064064
0.013405 0.059039
0.013405 0.059039
0.008791 0.056417
0.009670 0.048314
0.012307 0.064953
0.015383 0.059925
0.015383 0.059925
0.015383 0.059925
0.019778 0.054010
0.013625 0.054010
0.010988 0.037345
0.009890 0.057081
0.007912 0.048749
0.007912 0.047434
0.006593 0.047434
0.007912 0.047434
0.008571 0.047434
0.008571 0.047434
0.009011 0.041734
0.007472 0.048312
0.007472 0.048312
0.009011 0.051820
0.009011 0.051820
0.008351 0.048312
0.008351 0.059271
0.010549 0.049627
0.010549 0.053135
0.013186 0.057518
0.012966 0.057518
0.012966 0.055766
0.010989 0.057956
0.011208 0.063650
0.011208 0.052698
0.010988 0.069120
0.009011 0.057080
0.010769 0.057080
0.010769 0.071307
0.012966 0.061241
0.012966 0.061241
0.012087 0.061241
0.012087 0.064745
0.013625 0.062335
0.013625 0.059489
0.012087 0.057518
0.012087 0.054890
0.012087 0.056204
0.010989 0.052259
0.009450 0.052259
0.009450 0.054890
0.008791 0.057737
0.011428 0.059270
0.010329 0.059270
0.015383 0.070214
0.011208 0.059489
0.011208 0.057518
0.011208 0.057518
0.011208 0.055108
0.011208 0.040637
0.012087 0.054890
0.011208 0.052698
0.011208 0.052698
0.010549 0.052698
0.010549 0.043928
0.010549 0.052917
0.010329 0.051602
0.009890 0.051602
0.009670 0.049410
0.008791 0.060366
0.008571 0.051602
0.008571 0.062556
0.008791 0.050506
0.009670 0.049629
0.009890 0.048314
0.009670 0.039540
0.010329 0.051602
0.010329 0.054013
0.010329 0.054013
0.010329 0.051602
0.010989 0.051602
0.010989 0.052697
0.012087 0.055108
0.008791 0.049410
0.012527 0.057299
0.010989 0.057299
0.012527 0.059490
0.012527 0.059490
0.013186 0.061461
0.013186 0.063650
0.014285 0.062556
0.014285 0.060366
0.012527 0.045024
0.012527 0.054890
0.012087 0.059928
0.015383 0.072401
0.012087 0.063650
0.012527 0.073494
0.012527 0.062337
0.013186 0.063650
0.012747 0.064963
0.012747 0.063650
0.012747 0.064963
0.012747 0.060366
0.013186 0.066932
0.013406 0.066932
0.013626 0.068901
0.013626 0.075679
0.014065 0.081140
0.013186 0.068901
0.012087 0.066933
0.014504 0.068901
0.014285 0.068901
0.014504 0.076772
0.015383 0.071088
0.015603 0.071088
0.015164 0.069338
0.014285 0.074587
0.013186 0.068027
0.014724 0.071525
0.014944 0.071525
0.014065 0.068682
0.013626 0.065837
0.013626 0.065837
0.013186 0.068682
0.014065 0.071525
0.012087 0.071525
0.013626 0.071525
0.010989 0.068682
0.014065 0.068682
0.014065 0.065180
0.014504 0.057081
0.014504 0.066711
0.014504 0.066711
0.014285 0.062334
0.010989 0.061461
0.014065 0.062334
0.015383 0.057078
0.013406 0.054231
0.014285 0.052698
0.013845 0.046121
0.014504 0.057737
0.015383 0.054231
0.017581 0.051163
0.014504 0.051163
0.014504 0.051163
0.014504 0.051163
0.014504 0.054231
0.013845 0.054012
0.010989 0.057080
0.013845 0.059270
0.012087 0.062117
0.012087 0.061460
0.014504 0.065181
0.014504 0.061460
0.015164 0.061460
0.015823 0.063648
0.015823 0.053794
0.018679 0.063650
0.014285 0.077864
0.014065 0.062992
0.017581 0.066276
0.016043 0.066276
0.013186 0.065619
0.015603 0.062554
0.014504 0.058611
0.015603 0.054668
0.015603 0.060366
0.015603 0.051601
0.015603 0.051601
0.015603 0.051601
0.012087 0.048314
0.018679 0.050506
0.016262 0.047218
0.016262 0.050506
0.016482 0.050506
0.016262 0.053136
0.016262 0.056203
0.016262 0.055107
0.013186 0.055326
0.015383 0.055326
0.014285 0.055326
0.013406 0.066933
0.010989 0.058612
0.013406 0.042831
0.017581 0.058612
0.013406 0.058612
0.013406 0.048314
0.013406 0.064745
0.014065 0.052696
0.014065 0.038443
0.016482 0.054890
0.014065 0.049629
0.014065 0.049629
0.013186 0.048752
0.012087 0.064745
0.012307 0.048752
0.013186 0.048752
0.014065 0.045901
0.014724 0.045024
0.015603 0.047217
0.014504 0.046121
0.013186 0.047217
0.012087 0.047217
0.012527 0.049191
0.012527 0.049191
0.012527 0.040637
0.012527 0.050944
0.015383 0.050506
0.012527 0.051603
0.012527 0.048533
0.012747 0.048533
0.012747 0.046121
0.011648 0.046121
0.012087 0.048533
0.009890 0.051601
0.013186 0.051601
0.013186 0.038443
0.015383 0.047218
0.014504 0.052698
0.013845 0.051382
0.014504 0.060366
0.014944 0.051163
0.014944 0.051163
0.015603 0.045024
0.014944 0.049629
0.014944 0.039540
0.015383 0.039540
0.015603 0.049629
0.015383 0.049629
0.014944 0.051163
0.018679 0.051163
0.014944 0.051163
0.012087 0.051163
0.017581 0.061461
0.013186 0.052040
0.015383 0.045024
0.014944 0.057080
0.016482 0.059271
0.014504 0.059052
0.017581 0.065839
0.014504 0.061461
0.010989 0.061461
0.014944 0.061242
0.014944 0.051603
0.015383 0.060804
0.015383 0.060804
0.014944 0.061461
0.014285 0.062555
0.014285 0.062556
0.014504 0.062555
0.015164 0.061461
0.014504 0.073494
0.014724 0.049410
0.015164 0.064306
0.015164 0.066713
0.015164 0.080048
0.014944 0.064306
0.014065 0.062336
0.013186 0.062336
0.014065 0.060804
0.013186 0.055985
0.015383 0.059490
0.014065 0.058395
0.014065 0.060366
0.014065 0.062555
0.012087 0.070214
0.014065 0.065181
0.013406 0.062555
0.012747 0.062555
0.012966 0.064305
0.011868 0.064305
0.014285 0.058176
0.012966 0.063210
0.013845 0.063210
0.014065 0.060145
0.014065 0.055985
0.010989 0.055547
0.013626 0.051603
0.013626 0.057300
0.013626 0.055547
0.017581 0.055985
0.014285 0.052698
0.014285 0.052698
0.014285 0.054670
0.013626 0.052698
0.012087 0.050506
0.012747 0.047656
0.012747 0.045682
0.013626 0.047656
0.013626 0.041734
0.015383 0.050506
0.013626 0.050506
0.012966 0.050506
0.013186 0.047656
0.012966 0.045024
0.013186 0.048314
0.010989 0.047656
0.015383 0.047656
0.013406 0.041734
0.012527 0.051603
0.013406 0.051601
0.012527 0.051601
0.012087 0.066933
0.012087 0.041734
0.010989 0.049410
0.012087 0.049410
0.011648 0.046559
0.012307 0.049410
0.012307 0.049410
0.011648 0.049410
0.012307 0.039540
0.011648 0.049410
0.010549 0.051821
0.009450 0.054889
0.009011 0.057737
0.009011 0.061461
0.008351 0.062117
0.008351 0.075679
0.008351 0.057081
0.008132 0.060147
0.008132 0.055985
0.008132 0.068027
0.008132 0.046121
0.008571 0.059928
0.007692 0.061461
0.007692 0.061461
0.010549 0.061461
0.009450 0.061461
0.009890 0.062117
0.009890 0.060366
0.010549 0.058833
0.009890 0.065839
0.010549 0.058833
0.008791 0.063650
0.010110 0.058833
0.010110 0.058833
0.010110 0.059271
0.010110 0.059271
0.008791 0.050506
0.010110 0.062556
0.009450 0.061460
0.010110 0.062336
0.012087 0.060585
0.010769 0.075679
0.013186 0.061461
0.014285 0.061461
0.013186 0.061461
0.012087 0.060147
0.009890 0.057081
0.013186 0.056861
0.012527 0.065839
0.013186 0.056861
0.009890 0.054890
0.013626 0.054890
0.014065 0.054670
0.013626 0.054670
0.013626 0.052698
0.013626 0.053356
0.013626 0.053356
0.013626 0.058176
0.013845 0.061461
0.017581 0.055985
0.014065 0.061461
0.014724 0.054890
0.014504 0.053794
0.014285 0.045024
0.014724 0.051603
0.015823 0.055985
0.016482 0.055985
0.016482 0.047218
0.015823 0.058614
0.016482 0.058614
0.016482 0.059928
0.016482 0.057081
0.015823 0.072401
0.016482 0.062117
0.016482 0.059928
0.018679 0.062117
0.017581 0.060804
0.016482 0.059928
0.021974 0.060585
0.017800 0.052698
0.015383 0.062336
0.015383 0.061021
0.016702 0.064305
0.015823 0.061461
0.018679 0.067369
0.017361 0.069557
0.017361 0.071745
0.017361 0.071745
0.018020 0.071745
0.017581 0.087687
0.018020 0.083323
0.018020 0.071307
0.018020 0.074367
0.018020 0.073929
0.018020 0.086596
0.018020 0.061461
0.014285 0.074585
0.018679 0.070214
0.018459 0.071963
0.018459 0.071307
0.018459 0.071963
0.018459 0.072401
0.019119 0.072182
0.018679 0.072182
0.018679 0.072182
0.023073 0.072401
0.019119 0.065839
0.019119 0.071526
0.019778 0.071526
0.019119 0.086596
0.021974 0.085505
0.019119 0.069995
0.019119 0.070214
0.019119 0.065839
0.018679 0.073494
0.023073 0.068901
0.015383 0.069995
0.018020 0.071089
0.018459 0.070433
0.017141 0.069120
0.018459 0.071307
0.019778 0.071526
0.019778 0.066933
0.018679 0.070651
0.020876 0.070651
0.020437 0.069558
0.020437 0.061461
0.023073 0.068464
0.020217 0.053794
0.018899 0.077864
0.018899 0.065182
0.018899 0.060366
0.021974 0.071307
0.018899 0.061461
0.018899 0.063650
0.017800 0.072401
0.016262 0.060146
0.016042 0.060146
0.013186 0.047218
0.016042 0.060146
0.016482 0.057956
0.018020 0.068027
0.018020 0.057956
0.019338 0.051603
0.019118 0.059052
0.021974 0.057299
0.016702 0.057299
0.020876 0.057299
0.013186 0.055327
0.016702 0.055327
0.020876 0.055327
0.018020 0.052698
0.019119 0.052698
0.018020 0.052698
0.016921 0.052698
0.016921 0.041734
0.014285 0.051164
0.018020 0.049629
0.016921 0.049629
0.015383 0.048532
0.016921 0.046559
0.016921 0.038443
0.016921 0.045682
0.017581 0.045682
0.015383 0.043928
0.016043 0.043928
0.016043 0.043928
0.016921 0.043928
0.016043 0.053794
0.017581 0.043928
0.018679 0.045682
0.016921 0.046121
0.016043 0.045682
0.016043 0.043928
0.016043 0.050506
0.020876 0.042392
0.018020 0.041734
0.018020 0.041734
0.016921 0.041734
0.016043 0.042831
0.016043 0.047218
0.016043 0.039759
0.014724 0.041295
0.010989 0.039540
0.012747 0.041295
0.011868 0.036248
0.011868 0.043489
0.011868 0.041295
0.011648 0.043489
0.011648 0.041734
0.010769 0.041734
0.007692 0.041734
0.010110 0.041953
0.010110 0.039759
0.010549 0.039759
0.010989 0.034053
0.010549 0.038442
0.010769 0.039759
0.010769 0.038662
0.011648 0.038662
0.011648 0.028564
0.010769 0.034711
0.012087 0.034711
0.008791 0.032735
0.009890 0.031637
0.008791 0.031637
0.007692 0.036248
0.006593 0.031637
0.007692 0.038443
0.007692 0.034052
0.007692 0.028564
0.007692 0.032077
0.008351 0.030540
0.010989 0.032077
0.009670 0.032077
0.009670 0.032077
0.009670 0.032955
0.009670 0.032955
0.011428 0.032955
0.009670 0.034930
0.009670 0.038441
0.008351 0.038443
0.008791 0.034930
0.008791 0.030760
0.008571 0.032955
0.008791 0.032955
0.009450 0.027466
0.008132 0.030760
0.008351 0.027026
0.010329 0.027026
0.010329 0.027026
0.011867 0.029002
0.010549 0.027026
0.010549 0.031198
0.009230 0.027026
0.007033 0.027026
0.009230 0.027026
0.007033 0.027026
0.007033 0.031198
0.005714 0.034710
0.004396 0.038879
0.005714 0.038879
0.005714 0.041073
0.007033 0.045680
0.007033 0.046558
0.007692 0.049848
0.011208 0.046996
0.013406 0.053794
0.014284 0.050725
0.012966 0.062556
0.012966 0.052917
0.015383 0.054451
0.012966 0.062556
0.012966 0.054451
0.012966 0.057081
0.012307 0.054451
0.012307 0.053794
0.012307 0.062556
0.012307 0.045024
0.012307 0.054451
0.012307 0.052040
0.013845 0.054451
0.015383 0.055109
0.014285 0.055109
0.021974 0.051603
0.017141 0.052917
0.018459 0.054013
0.019778 0.055109
0.018459 0.054671
0.017141 0.055985
0.018020 0.052260
0.018020 0.050287
0.018020 0.052041
0.018020 0.052041
0.015383 0.042831
0.019118 0.051164
0.018020 0.052041
0.015383 0.051164
0.019118 0.049410
0.018679 0.048971
0.018020 0.045900
0.018020 0.054890
0.018020 0.050506
0.020876 0.048971
0.015383 0.050506
0.016921 0.045900
0.015603 0.045900
0.013186 0.049410
0.013186 0.049410
0.014065 0.045900
0.014065 0.045900
0.010989 0.053794
0.012087 0.045900
0.014065 0.045900
0.014504 0.049410
0.013186 0.047874
0.014724 0.047874
0.015164 0.044364
0.012087 0.041074
0.015164 0.042829
0.014504 0.042829
0.012087 0.039319
0.014504 0.035808
0.014504 0.035808
0.014065 0.035808
0.014065 0.035808
0.014065 0.035808
0.013406 0.032735
0.013845 0.034271
0.013625 0.032076
0.012966 0.034491
0.012966 0.034491
0.013625 0.030979
0.013625 0.028563
0.013625 0.030979
0.012966 0.028563
0.015383 0.028563
0.013406 0.029441
0.015383 0.032954
0.013406 0.037343
0.014285 0.040636
0.015823 0.031857
0.015823 0.047218
0.017361 0.040636
0.017361 0.044585
0.017361 0.047655
0.017361 0.051381
0.017361 0.051603
0.017361 0.045463
0.018459 0.037345
0.021974 0.045463
0.017581 0.044366
0.015823 0.044366
0.014504 0.044366
0.014504 0.044366
0.014504 0.044366
0.012087 0.046340
0.015823 0.049628
0.017800 0.053573
0.021974 0.043928
0.025269 0.065839
0.021315 0.060803
0.021535 0.070214
0.020217 0.060803
0.021535 0.060803
0.021535 0.063650
0.021315 0.057736
0.021315 0.057736
0.021315 0.058174
0.021315 0.061241
0.022194 0.064525
0.021535 0.068243
0.021535 0.059271
0.021974 0.071086
0.018679 0.071086
0.023951 0.071086
0.023073 0.082232
0.023732 0.071086
0.023732 0.067368
0.023732 0.064963
0.024830 0.064963
0.027466 0.062992
0.025269 0.062992
0.025269 0.050506
0.027466 0.062992
0.021974 0.062992
0.025269 0.062992
0.025269 0.053794
0.025269 0.062992
0.025269 0.062992
0.025269 0.062992
0.025269 0.077864
0.028564 0.055985
0.025269 0.062992
0.025269 0.050506
0.025269 0.062992
0.026368 0.062992
0.025269 0.062992
0.025269 0.065839
0.025269 0.062992
0.025269 0.062992
