0.002088 0.043928
0.002088 0.032955
0.002088 0.032955
0.002198 0.039540
0.002088 0.035809
0.002088 0.045024
0.001099 0.035809
0.002088 0.035809
0.002088 0.037345
0.002088 0.041734
0.002088 0.035809
0.002088 0.035809
0.002088 0.045024
0.002088 0.035809
0.002088 0.035809
0.002088 0.037345
0.001209 0.047218
0.001429 0.034491
0.000659 0.033832
0.000220 0.032955
0.000220 0.033942
0.000220 0.033942
-0.000440 0.045024
0.000659 0.036248
0.000659 0.019778
0.000330 0.039540
0.001209 0.031856
0.002198 0.034053
0.002527 0.035150
0.003407 0.040637
0.002418 0.028452
0.001099 0.028672
0.000769 0.026368
0.001758 0.028672
0.001648 0.028672
0.002308 0.026915
0.002308 0.026915
0.002747 0.026146
0.002308 0.023620
0.002198 0.023181
0.003077 0.025157
0.003077 0.020874
0.003077 0.025269
0.002527 0.020876
0.001978 0.015383
0.001868 0.021751
0.001868 0.026364
0.001648 0.024938
0.001648 0.024059
0.001648 0.024059
0.001209 0.024059
0.001209 0.024059
0.001099 0.014285
0.001099 0.031857
0.001099 0.043928
0.001209 0.034490
0.000879 0.034490
0.000879 0.036795
0.001099 0.051603
0.001099 0.037345
0.001538 0.038881
0.001538 0.028564
0.001868 0.037893
0.001538 0.037893
0.001319 0.041734
0.000989 0.040087
0.000769 0.046121
0.000440 0.046121
0.000659 0.032955
0.000659 0.045571
0.000330 0.047218
0.000659 0.049078
0.000659 0.052583
0.000989 0.054890
0.001319 0.030760
0.001319 0.054882
0.001648 0.050719
0.001648 0.054882
0.001099 0.074587
0.001978 0.072401
0.002308 0.053794
0.001978 0.058167
0.002308 0.056850
0.002198 0.055424
0.002198 0.042831
0.003297 0.051259
0.002308 0.052354
0.001868 0.048301
0.001868 0.031857
0.001758 0.052575
0.001758 0.029662
0.001868 0.052465
0.001648 0.056957
0.001978 0.074587
0.002198 0.052465
0.002637 0.051809
0.002967 0.029662
0.003297 0.049395
0.004396 0.049395
0.003187 0.044903
0.003626 0.058176
0.003846 0.034053
0.003736 0.040737
0.002198 0.053794
0.003297 0.035363
0.003187 0.031413
0.003077 0.031962
0.003297 0.031962
0.003297 0.029662
0.003187 0.031522
0.002857 0.027791
0.003187 0.015383
0.002857 0.030205
0.003297 0.032839
0.003297 0.032400
0.002857 0.036350
0.004396 0.053794
0.003297 0.018679
0.003297 0.023073
0.002967 0.031963
0.002198 0.035150
0.003297 0.029000
0.002637 0.026036
0.002198 0.023182
0.002308 0.024499
0.001868 0.024499
0.001429 0.024499
0.000769 0.027463
0.000000 0.027463
0.000000 0.028561
0.000000 0.027244
-0.000440 0.029662
-0.001209 0.025269
-0.001209 0.045024
-0.001209 0.032295
-0.001209 0.024171
-0.001209 0.032075
-0.001209 0.030539
-0.001099 0.032514
-0.000989 0.032514
-0.000330 0.050506
-0.000330 0.033832
-0.000879 0.033832
-0.000879 0.025269
-0.000879 0.031857
-0.001099 0.038443
-0.001099 0.034599
-0.001099 0.025269
-0.001099 0.040851
0.000110 0.026368
0.001209 0.030760
0.001868 0.029662
0.002857 0.065839
0.003626 0.066933
0.002857 0.055212
0.003846 0.038443
0.003846 0.053347
0.004396 0.052032
0.004615 0.052032
0.004615 0.068027
0.004615 0.062556
0.005055 0.059920
0.005055 0.055985
0.005055 0.055537
0.004835 0.051044
0.005494 0.074587
0.006593 0.043928
0.004945 0.049617
0.005165 0.045011
0.005604 0.045776
0.005604 0.038867
0.005494 0.048314
0.003297 0.035352
0.005165 0.035352
0.004505 0.024171
0.005494 0.038864
0.003736 0.021974
0.003736 0.039630
0.004286 0.042473
0.004176 0.042473
0.003297 0.041818
0.002418 0.034689
0.001538 0.033702
0.001538 0.029650
0.001538 0.024826
0.001209 0.024826
0.001648 0.031518
0.001319 0.027016
0.001538 0.027565
0.001538 0.031857
0.000659 0.025478
0.000549 0.024821
0.001429 0.029645
0.001429 0.031843
0.002088 0.033929
0.001538 0.036565
0.000440 0.034053
0.001538 0.037345
0.001758 0.021974
0.002198 0.040517
0.002308 0.040517
0.002198 0.035474
0.001429 0.035474
0.001758 0.035474
0.002418 0.029988
0.004396 0.027241
0.003297 0.027241
0.003297 0.025269
0.003297 0.022082
0.003297 0.018677
0.003846 0.015382
0.003846 0.015382
0.004396 0.015382
0.004176 0.015382
0.002198 0.015711
0.004615 0.019778
0.004615 0.012306
0.004615 0.015711
0.003297 0.014613
0.004396 0.014613
0.002198 0.014613
0.005494 0.016482
0.003736 0.011866
0.003736 0.012525
0.003736 0.012525
0.004176 0.009669
0.004176 0.011976
0.005494 0.011976
0.004176 0.014064
0.004176 0.014064
0.005055 0.015382
0.003956 0.013185
0.003956 0.013185
0.003956 0.013185
0.004725 0.017029
0.004176 0.021970
0.004176 0.021422
0.004725 0.019554
0.004066 0.016367
0.004396 0.016367
0.004505 0.020876
0.005714 0.025269
0.005384 0.021857
0.005714 0.014719
0.006373 0.014285
0.005604 0.009995
0.006813 0.012851
0.010989 0.012851
0.008022 0.017136
0.006923 0.010547
0.008571 0.014502
0.008571 0.018784
0.004396 0.015601
0.006923 0.015601
0.007362 0.015601
0.007802 0.019993
0.007692 0.018565
0.008791 0.014170
0.007692 0.014170
0.007362 0.012963
0.007253 0.014501
0.007143 0.016369
0.007582 0.024171
0.006373 0.019993
0.005055 0.020876
0.006373 0.014722
0.007362 0.015383
0.006813 0.019116
0.007253 0.019116
0.008791 0.021093
0.005604 0.021093
0.005604 0.021093
0.005934 0.021093
0.004945 0.022851
0.004286 0.029662
0.005604 0.027023
0.003297 0.028122
0.004505 0.028560
0.005714 0.027462
0.007143 0.031851
0.006154 0.034595
0.006593 0.038443
0.005824 0.035143
0.006923 0.026368
0.007692 0.030754
0.005934 0.030754
0.005934 0.035143
0.005934 0.024171
0.005934 0.035143
0.005275 0.032947
0.004725 0.018679
0.005714 0.035798
0.006483 0.033056
0.006923 0.037555
0.007143 0.048314
0.006483 0.035033
0.007692 0.035033
0.006154 0.032508
0.006044 0.032727
0.006044 0.031629
0.005385 0.035908
0.005055 0.031849
0.005055 0.028338
0.004396 0.031191
0.004396 0.027131
0.005055 0.027131
0.005494 0.030760
0.005494 0.028888
0.005494 0.028888
0.004396 0.032955
0.006154 0.024827
0.006813 0.024827
0.007692 0.015383
0.007253 0.015383
0.007472 0.026036
0.006593 0.017581
0.007692 0.021974
0.008461 0.027354
0.008132 0.016482
0.009121 0.029989
0.005494 0.027134
0.010219 0.043928
0.012087 0.031415
0.010659 0.037345
0.011538 0.034269
0.011867 0.033171
0.016482 0.028564
0.011538 0.035587
0.016482 0.038001
0.012966 0.041074
0.013735 0.028564
0.015383 0.045024
0.008791 0.041734
0.014175 0.038770
0.013186 0.039429
0.014065 0.046121
0.014065 0.037783
0.014175 0.035697
0.014285 0.037344
0.009890 0.021974
0.008791 0.041734
0.009890 0.036136
0.015383 0.035587
0.012856 0.033831
0.012307 0.033831
0.009890 0.033283
0.014285 0.029662
0.011318 0.023073
0.011868 0.035150
0.014285 0.030099
0.009890 0.032953
0.010879 0.030099
0.009890 0.039540
0.014285 0.027464
0.013186 0.025269
0.008791 0.029440
0.016482 0.016482
0.011648 0.028564
0.007692 0.022521
0.011098 0.022521
0.010439 0.025926
0.010439 0.025926
0.010000 0.015383
0.007692 0.029328
0.006593 0.026362
0.014285 0.026362
0.014285 0.026362
0.010659 0.028889
0.010989 0.028999
0.010989 0.028121
0.009450 0.029987
0.009890 0.033830
0.009780 0.036684
0.008791 0.042831
0.009560 0.043928
0.009890 0.045024
0.009890 0.044035
0.009560 0.047218
0.009560 0.043267
0.010989 0.055985
0.014285 0.036135
0.013186 0.030760
0.009560 0.040637
0.008791 0.035150
0.008901 0.035587
0.008681 0.035587
0.012087 0.038112
0.010989 0.038112
0.009450 0.040306
0.009011 0.041293
0.006593 0.040854
0.009340 0.037345
0.009780 0.041950
0.009011 0.041183
0.009011 0.026368
0.007692 0.031857
0.009340 0.045238
0.008461 0.048855
0.009560 0.048314
0.008791 0.061461
0.010439 0.048965
0.009340 0.044799
0.008461 0.052698
0.008901 0.044799
0.009560 0.039540
0.010000 0.042278
0.009780 0.040635
0.006593 0.039540
0.009999 0.047868
0.009999 0.052360
0.014285 0.074587
0.010988 0.052360
0.010988 0.054552
0.006593 0.045024
0.009890 0.057944
0.010769 0.055752
0.010769 0.076772
0.010329 0.053674
0.009890 0.058045
0.008791 0.040637
0.009999 0.045024
0.008351 0.047975
0.008571 0.047975
0.008571 0.051698
0.008571 0.053344
0.007252 0.029662
0.007582 0.061461
0.007582 0.044361
0.006593 0.040742
0.006923 0.020876
0.006483 0.061461
0.006703 0.042825
0.008351 0.038767
0.008461 0.026368
0.009340 0.038548
0.009999 0.055985
0.010768 0.036789
0.006593 0.032399
0.010768 0.027020
0.010109 0.026472
0.010109 0.027351
0.008351 0.024934
0.008351 0.012087
0.009340 0.024934
0.013186 0.017796
0.008791 0.017356
0.008791 0.017356
0.009340 0.017356
0.008022 0.016478
0.008022 0.010546
0.008791 0.012414
0.010988 0.012414
0.010988 0.008021
0.012087 0.001210
0.010549 0.001210
0.011098 0.001210
0.010549 0.008021
0.010989 0.001210
0.012417 0.002638
0.011098 0.004944
0.011867 -0.001427
0.011867 -0.001427
0.005494 0.005384
0.009340 0.005384
0.009340 0.005384
0.009340 -0.001646
0.008571 0.002198
0.008571 0.000881
0.008571 0.007911
0.009890 0.004945
0.013186 0.006263
0.013515 0.002088
0.011428 0.009777
0.007692 0.002088
0.012746 0.008021
0.013076 0.010436
0.010988 0.001870
0.009890 0.001870
0.011537 -0.002195
0.013845 0.006372
0.013845 0.008238
0.011977 0.004943
0.011977 0.007910
0.013845 0.011974
0.011977 0.011974
0.011318 0.011096
0.012306 0.011096
0.011318 0.016149
0.011318 0.015051
0.006593 0.020212
0.010439 0.024166
0.010439 0.024166
0.007692 0.019883
0.010549 0.019664
0.009120 0.023617
0.007692 0.027680
0.008351 0.026368
0.009121 0.030647
0.008901 0.029110
0.008901 0.030760
0.008901 0.031197
0.008901 0.032186
0.009890 0.032186
0.013186 0.032186
0.008791 0.041734
0.008681 0.031966
0.008681 0.033722
0.010989 0.039540
0.004396 0.032515
0.004396 0.030759
0.005494 0.029662
0.007582 0.029112
0.007582 0.029662
0.006703 0.030649
0.007362 0.032955
0.008461 0.025269
0.007362 0.041734
0.007362 0.021974
0.008461 0.024171
0.007362 0.030319
0.007692 0.028343
0.008022 0.029662
0.008901 0.028343
0.008901 0.028563
0.009890 0.023073
0.010439 0.020876
0.011538 0.027026
0.011208 0.027465
0.008791 0.027026
0.010219 0.027466
0.010000 0.025928
0.013186 0.027575
0.008571 0.025708
0.009340 0.015383
0.012087 0.019778
0.005494 0.024610
0.009340 0.024610
0.010989 0.024610
0.009121 0.027466
0.009890 0.026477
0.008461 0.028564
0.008791 0.026368
0.007582 0.025269
0.005494 0.028783
0.007692 0.028344
0.007692 0.028783
0.007253 0.023073
0.006593 0.024171
0.006593 0.019778
0.007253 0.028783
0.007253 0.036248
0.009890 0.030320
0.007802 0.023073
0.007912 0.039540
0.005494 0.038443
0.009890 0.028014
0.006373 0.028783
0.006703 0.030760
0.006703 0.034053
0.007362 0.031857
0.006593 0.027904
0.006154 0.027904
0.007033 0.026256
0.006373 0.025927
0.007253 0.026915
0.007692 0.030100
0.007692 0.029222
0.007033 0.026586
0.008132 0.032955
0.012087 0.024938
0.009011 0.024499
0.008901 0.024499
0.009340 0.026916
0.010109 0.023073
0.009340 0.025708
0.009670 0.023181
0.009450 0.023181
0.005494 0.020876
0.009780 0.029662
0.007692 0.023950
0.009011 0.027466
0.008571 0.025708
0.008022 0.027575
0.007253 0.027575
0.008022 0.029662
0.008791 0.027246
0.007692 0.030760
0.007582 0.030760
0.007582 0.020876
0.007692 0.030100
0.007582 0.029881
0.007582 0.029222
0.007692 0.030869
0.007362 0.030869
0.006593 0.029662
0.009890 0.045024
0.006593 0.032516
0.007802 0.033613
0.007802 0.029662
0.007692 0.033394
0.007912 0.040637
0.008022 0.032625
0.007912 0.032955
0.007912 0.039540
0.007912 0.037345
0.008132 0.030760
0.009890 0.050506
0.008132 0.034711
0.008791 0.034053
0.006593 0.035479
0.010989 0.036467
0.008571 0.052698
0.009890 0.038443
0.009450 0.035479
0.007692 0.031857
0.009121 0.025269
0.009011 0.039540
0.012087 0.036138
0.009670 0.032955
0.010659 0.048314
0.010659 0.054890
0.010879 0.019778
0.016482 0.037125
0.011428 0.037345
0.011318 0.051603
0.011318 0.029662
0.011758 0.051603
0.010879 0.036467
0.010439 0.031857
0.009670 0.038443
0.014285 0.038443
0.009340 0.038661
0.010989 0.038552
0.009560 0.037455
0.009560 0.048314
0.008791 0.030760
0.009450 0.019778
0.007692 0.040637
0.006593 0.035150
0.010769 0.035150
0.010329 0.052698
0.009670 0.046121
0.009670 0.035809
0.007692 0.045024
0.009670 0.032955
0.010439 0.028564
0.009890 0.038443
0.009121 0.035150
0.009450 0.042831
0.009450 0.035918
0.008681 0.024171
0.009230 0.023073
0.007692 0.026368
0.009890 0.026368
0.010989 0.043928
0.007692 0.036248
0.009011 0.036686
0.009670 0.034930
0.010439 0.033832
0.010659 0.043928
0.008791 0.038443
0.006593 0.033064
0.011208 0.031747
0.010879 0.045024
0.011538 0.030649
0.011538 0.041734
0.014285 0.028564
0.011758 0.031417
0.012087 0.031747
0.007692 0.024171
0.012746 0.046121
0.010989 0.019778
0.012197 0.031857
0.009890 0.031747
0.009890 0.027466
0.012417 0.025269
0.010989 0.024171
0.010989 0.029991
0.012637 0.030979
0.014285 0.031857
0.012637 0.025269
0.012637 0.029442
0.012087 0.029662
0.012197 0.027466
0.017581 0.035150
0.012087 0.031857
0.008791 0.039540
0.014285 0.035150
0.014285 0.030760
0.014614 0.025269
0.014614 0.032187
0.016482 0.045024
0.012087 0.035150
0.015054 0.029662
0.017581 0.047218
0.016482 0.033833
0.007692 0.034053
0.020876 0.029662
0.016482 0.034053
0.020876 0.037345
0.007692 0.050506
0.018679 0.048314
0.019778 0.049410
0.013516 0.040526
0.008791 0.049410
0.013845 0.041952
0.016482 0.035150
0.014065 0.040636
0.009890 0.041734
0.014944 0.041623
0.014065 0.041733
0.010989 0.048314
0.013955 0.041623
0.018679 0.043268
0.013406 0.043707
0.013186 0.047218
0.014285 0.043598
0.013406 0.043708
0.013406 0.043708
0.013186 0.043708
0.013845 0.046121
0.013845 0.032955
0.015383 0.045024
0.014285 0.046558
0.008791 0.055985
0.009890 0.027466
0.014285 0.042938
0.013186 0.043815
0.016482 0.038443
0.015603 0.042831
0.016262 0.042831
0.016262 0.045020
0.015713 0.041840
0.014285 0.029662
0.019778 0.041840
0.020876 0.038659
0.020876 0.057081
0.018679 0.025269
0.013186 0.035802
0.014614 0.039862
0.019778 0.039533
0.015823 0.038545
0.016482 0.038545
0.023073 0.038545
0.016042 0.020876
0.013186 0.037336
0.014285 0.037665
0.014285 0.036570
0.014724 0.036570
0.015273 0.039421
0.015273 0.058176
0.014504 0.036460
0.016482 0.033279
0.013955 0.035473
0.013735 0.052698
0.013735 0.039533
0.012087 0.043263
0.013076 0.043263
0.013076 0.041948
0.012637 0.048314
0.013186 0.046121
0.010989 0.047218
0.013186 0.044802
0.012087 0.041512
0.012856 0.058176
0.007692 0.028564
0.012856 0.025269
0.013186 0.047218
0.010989 0.045024
0.010989 0.066933
0.011977 0.064745
0.015383 0.060366
0.011538 0.045024
0.007692 0.060366
0.011538 0.036248
0.014285 0.066933
0.014285 0.038443
0.010549 0.047983
0.010549 0.064745
0.009780 0.032955
0.009780 0.045352
0.010329 0.041734
0.010109 0.047218
0.009230 0.059271
0.008681 0.051603
0.012087 0.050506
0.009890 0.043928
0.008901 0.044475
0.008681 0.044695
0.008241 0.044256
0.006593 0.055985
0.003297 0.036248
0.005714 0.045463
0.005494 0.059271
0.005604 0.051603
0.006154 0.038443
0.006154 0.049410
0.007033 0.059271
0.005494 0.045024
0.007802 0.045462
0.007802 0.057081
0.007802 0.045024
0.010989 0.047218
0.008791 0.046121
0.005494 0.036248
0.008791 0.040306
0.009340 0.039867
0.010000 0.040635
0.010000 0.040635
0.009890 0.050506
0.009560 0.035257
0.008461 0.038443
0.009890 0.036024
0.009670 0.036024
0.010549 0.020876
0.009230 0.030643
0.010989 0.020876
0.012087 0.028668
0.009560 0.028668
0.009890 0.026692
0.012087 0.028118
0.012087 0.025375
0.014285 0.024497
0.010989 0.024497
0.007692 0.027463
0.010769 0.026914
0.009780 0.026914
0.009560 0.026585
0.008791 0.024609
0.009230 0.024938
0.008681 0.026366
0.008681 0.025269
0.008791 0.025926
0.004396 0.026368
0.007802 0.027245
0.006593 0.023073
0.006813 0.036248
0.006813 0.027245
0.006483 0.034053
0.006593 0.038443
0.007033 0.046121
0.009890 0.035150
0.007472 0.018679
0.006593 0.032515
0.006593 0.035150
0.008022 0.032515
0.008022 0.016482
0.007912 0.031308
0.007253 0.021974
0.007802 0.030868
0.008571 0.038443
0.008461 0.031088
0.008791 0.031308
0.008791 0.032515
0.008351 0.045024
0.007582 0.030978
0.006593 0.032955
0.007472 0.031088
0.009890 0.021974
0.010989 0.017581
0.007802 0.019778
0.009890 0.029662
0.007143 0.034711
0.007802 0.041734
0.007582 0.035150
0.005494 0.028564
0.008791 0.041734
0.007582 0.034053
0.007143 0.035150
0.007692 0.034491
0.008791 0.036248
0.007692 0.036248
0.006593 0.033503
0.005494 0.040637
0.007692 0.040637
0.006923 0.040637
0.007472 0.035150
0.006923 0.037345
0.007692 0.036138
0.004396 0.034821
0.005604 0.035259
0.005165 0.039540
0.004286 0.035589
0.003516 0.035040
0.003846 0.023073
0.003626 0.037016
0.004396 0.055985
0.004176 0.039540
0.003516 0.051603
0.002198 0.039209
0.003516 0.026368
0.003407 0.038879
0.003407 0.039540
0.003407 0.040086
0.003187 0.059271
0.003736 0.031857
0.002527 0.054890
0.002527 0.028564
0.003297 0.044803
0.002747 0.044913
0.002747 0.046121
0.002747 0.058176
0.002857 0.048314
0.002857 0.026368
0.002857 0.024171
0.002857 0.060366
0.002857 0.049410
0.003297 0.044694
0.005494 0.047218
0.004176 0.040637
0.004176 0.043816
0.006593 0.058176
0.005165 0.041183
0.004396 0.041073
0.006593 0.039540
0.005494 0.041073
0.005494 0.040525
0.007692 0.021974
0.007692 0.030760
0.005494 0.024171
0.005165 0.032955
0.003297 0.048314
0.004725 0.019778
0.005494 0.027466
0.003846 0.053794
0.003407 0.024171
0.003956 0.025269
0.003956 0.024171
0.006593 0.033722
0.004286 0.032625
0.003846 0.040637
0.002198 0.031088
0.003297 0.034053
0.003407 0.023073
0.004396 0.032515
0.003626 0.032515
0.003626 0.039540
0.003626 0.048314
0.003626 0.033064
0.002198 0.042831
0.003736 0.030868
0.003736 0.032734
0.003736 0.049410
0.003297 0.031857
0.003846 0.031965
0.004505 0.029111
0.004286 0.025926
0.004176 0.026368
0.003956 0.022083
0.004396 0.018679
0.002637 0.017909
0.003297 0.017249
0.003407 0.017249
0.003407 0.013954
0.003407 0.007692
0.003187 0.011866
0.002418 0.014833
0.001429 0.014285
0.001429 0.010328
0.000879 0.008021
0.000000 0.007692
0.000000 0.006922
0.000000 0.002967
0.000000 0.002418
-0.001319 0.002418
-0.001758 -0.000659
-0.002747 -0.000659
-0.003736 -0.003736
-0.003736 -0.007252
-0.004176 -0.003736
-0.005494 -0.007252
-0.006923 -0.011207
-0.008461 -0.011207
-0.008461 -0.016369
-0.009230 -0.015709
-0.009230 -0.013731
-0.009230 -0.019113
-0.010769 -0.022844
-0.009230 -0.022844
-0.009010 -0.016585
-0.010659 -0.012193
-0.010659 -0.012412
-0.012417 -0.020203
-0.013076 -0.024701
-0.015603 -0.024701
-0.018348 -0.032271
-0.019666 -0.039511
-0.016151 -0.039511
-0.016151 -0.045108
-0.018678 -0.052128
-0.018678 -0.052238
-0.015931 -0.059474
-0.015931 -0.059474
-0.015931 -0.065169
-0.014722 -0.066924
-0.014722 -0.066924
-0.017797 -0.067363
-0.016589 -0.067363
-0.016479 -0.069436
-0.017138 -0.071735
-0.015271 -0.068781
-0.015601 -0.065285
-0.014064 -0.071723
-0.014503 -0.071723
-0.014503 -0.071723
-0.014503 -0.071723
-0.014394 -0.069642
-0.015711 -0.069642
-0.018238 -0.075972
-0.019227 -0.075972
-0.019227 -0.085434
-0.022742 -0.092079
-0.021864 -0.086226
-0.020326 -0.085898
-0.020326 -0.085898
-0.017690 -0.085898
-0.015163 -0.085898
-0.015163 -0.083708
-0.017141 -0.082394
-0.015053 -0.084794
-0.014833 -0.084794
-0.016921 -0.081972
-0.016921 -0.074986
-0.016921 -0.074221
-0.018239 -0.073564
-0.018239 -0.078485
-0.017031 -0.081767
-0.017031 -0.084395
-0.017031 -0.081239
-0.015163 -0.080254
-0.014394 -0.085707
-0.012746 -0.086036
-0.010878 -0.086036
-0.010768 -0.086036
-0.008241 -0.091914
-0.009230 -0.091914
-0.009230 -0.097355
-0.007252 -0.097355
-0.005494 -0.093106
-0.005165 -0.099304
-0.003406 -0.099304
-0.001758 -0.099520
0.000110 -0.101480
0.001978 -0.107561
0.003077 -0.109197
0.003297 -0.107896
0.002308 -0.102791
0.001099 -0.107464
0.002198 -0.107464
0.003516 -0.111907
0.005165 -0.107028
0.005275 -0.105502
0.005165 -0.108007
0.004835 -0.108007
0.006044 -0.109315
0.004396 -0.109315
0.004396 -0.109315
0.004945 -0.109315
0.004396 -0.109315
0.001319 -0.114194
0.001538 -0.109315
-0.000330 -0.109315
-0.001978 -0.104434
-0.003297 -0.109315
-0.004725 -0.106067
-0.003846 -0.106067
-0.005275 -0.106067
-0.005275 -0.105634
-0.006483 -0.105634
-0.006703 -0.103140
-0.008461 -0.099663
-0.009450 -0.097052
-0.009450 -0.094437
-0.009450 -0.094437
-0.010659 -0.092365
-0.011758 -0.088002
-0.010659 -0.088002
-0.011098 -0.083637
-0.012197 -0.083637
-0.012307 -0.079489
-0.013076 -0.076430
-0.013076 -0.073805
-0.013186 -0.066472
-0.013186 -0.060875
-0.013186 -0.060875
-0.012087 -0.051230
-0.010988 -0.044535
-0.011867 -0.042562
-0.011867 -0.042562
-0.011318 -0.034454
-0.011428 -0.024585
-0.010659 -0.015479
-0.010439 -0.007794
-0.010549 0.000112
-0.010109 0.007142
-0.010109 0.009888
-0.009780 0.015381
-0.009780 0.015381
-0.010329 0.015381
-0.010329 0.016482
-0.009780 0.015381
-0.009340 0.017248
-0.010219 0.012414
-0.010219 0.017248
-0.009450 0.021862
-0.008571 0.025595
-0.009450 0.025269
-0.008791 0.027466
-0.007912 0.035257
-0.008461 0.042831
-0.008132 0.027018
-0.008132 0.027018
-0.008132 0.030094
-0.008132 0.029985
-0.008571 0.031857
-0.008571 0.035805
-0.008571 0.035805
-0.008132 0.035915
-0.007582 0.033391
-0.007033 0.033940
-0.006483 0.049410
-0.006483 0.046121
-0.006483 0.046121
-0.006044 0.037233
-0.006154 0.036904
-0.006813 0.034708
-0.007253 0.026368
-0.006923 0.045024
-0.006154 0.020876
-0.005604 0.051603
-0.004945 0.035147
-0.004396 0.021974
-0.004396 0.038001
-0.004286 0.026368
-0.004505 0.039540
-0.004505 0.035147
-0.003516 0.035147
-0.002857 0.035695
-0.002527 0.042831
-0.002527 0.036791
-0.001978 0.042162
-0.001648 0.036248
-0.001099 0.043154
-0.001099 0.046110
-0.000440 0.049730
-0.000220 0.048195
0.000110 0.047211
0.000549 0.048638
0.000220 0.052471
0.000330 0.056305
0.001319 0.057081
0.002308 0.054775
0.001319 0.050941
0.002418 0.048091
0.003846 0.050283
0.004505 0.049410
0.004505 0.061461
0.004835 0.051160
0.004835 0.058176
0.005385 0.036248
0.005165 0.064745
0.006264 0.040637
0.007362 0.052477
0.008132 0.050833
0.008901 0.047218
0.009890 0.051603
0.009450 0.046996
0.014285 0.044694
0.009890 0.046996
0.005494 0.046887
0.009230 0.046887
0.009450 0.045024
0.012087 0.045461
0.005494 0.059271
0.004396 0.055985
0.008461 0.035150
0.009121 0.060366
0.009890 0.043928
0.008461 0.045570
0.009121 0.023073
0.009890 0.041734
0.008681 0.045241
0.009340 0.047653
0.008681 0.057081
0.007692 0.068027
0.007692 0.050174
0.009670 0.035150
0.008791 0.050174
0.009670 0.070214
0.009890 0.060366
0.012087 0.057081
0.005494 0.042831
0.009670 0.072401
0.009670 0.050174
0.009670 0.050174
0.009670 0.038443
0.009670 0.050174
0.009670 0.050174
0.009670 0.050174
0.009670 0.050174
