0.033174 -0.023402
0.033174 -0.023402
0.023073 -0.023402
0.033174 -0.023402
0.033174 -0.023402
0.031857 -0.023402
0.033174 -0.023402
0.040637 -0.023402
0.040637 -0.023402
0.025269 -0.023402
0.025269 -0.023402
0.033174 -0.023402
0.033174 -0.023402
0.045024 -0.023402
0.033174 -0.023402
0.036248 -0.023402
0.028564 -0.023402
0.031747 -0.024390
0.027466 -0.025159
0.041734 -0.025159
0.026368 -0.027574
0.039540 -0.027574
0.037345 -0.029879
0.016482 -0.029879
0.029771 -0.029879
0.030760 -0.029879
0.029662 -0.027794
0.028783 -0.030099
0.028783 -0.029440
0.029662 -0.031085
0.027026 -0.031085
0.018679 -0.030976
0.038443 -0.033390
0.026367 -0.036024
0.014285 -0.035585
0.026148 -0.035366
0.026587 -0.032182
0.026368 -0.035366
0.025379 -0.035366
0.013186 -0.033060
0.030760 -0.031085
0.021974 -0.034049
0.026806 -0.033719
0.025049 -0.036024
0.018679 -0.036683
0.028564 -0.036683
0.024171 -0.034598
0.036248 -0.034598
0.039540 -0.034049
0.025269 -0.034049
0.027685 -0.030865
0.027685 -0.031744
0.036248 -0.028341
0.017581 -0.031744
0.040637 -0.031744
0.026368 -0.030865
0.030539 -0.030865
0.031637 -0.027352
0.030760 -0.029000
0.035150 -0.029000
0.034053 -0.025487
0.033833 -0.022083
0.035040 -0.020875
0.035479 -0.018898
0.028564 -0.016921
0.048314 -0.017360
0.039540 -0.018569
0.042831 -0.018020
0.034272 -0.017031
0.026368 -0.018459
0.034053 -0.016591
0.049410 -0.015273
0.027466 -0.015273
0.036796 -0.013845
0.036248 -0.013515
0.036357 -0.013515
0.042831 -0.013515
0.043928 -0.011647
0.035150 -0.011647
0.036248 -0.012526
0.027466 -0.011647
0.025269 -0.009450
0.045024 -0.010658
0.024171 -0.008241
0.036248 -0.010658
0.032406 -0.012966
0.032076 -0.015493
0.032076 -0.015493
0.029662 -0.015493
0.031857 -0.015493
0.036248 -0.017580
0.019778 -0.021533
0.017581 -0.019665
0.031528 -0.022521
0.032955 -0.022521
0.043928 -0.021092
0.034711 -0.023288
0.050506 -0.025703
0.028564 -0.030205
0.035918 -0.030205
0.030760 -0.030205
0.039540 -0.033827
0.033283 -0.038768
0.032955 -0.038768
0.047218 -0.042389
0.040637 -0.043267
0.033283 -0.045568
0.035369 -0.047105
0.043928 -0.048421
0.040637 -0.048421
0.035808 -0.048421
0.040637 -0.051817
0.036247 -0.054445
0.034820 -0.054445
0.034161 -0.050940
0.032405 -0.049514
0.021974 -0.049514
0.038443 -0.051597
0.031746 -0.047762
0.039540 -0.044468
0.041734 -0.038323
0.027575 -0.033054
0.021974 -0.036130
0.016482 -0.032615
0.026368 -0.033824
0.032955 -0.034703
0.024391 -0.035032
0.024391 -0.031960
0.024391 -0.028996
0.023073 -0.027022
0.031857 -0.029658
0.025489 -0.028561
0.031857 -0.028561
0.023073 -0.028561
0.025928 -0.024388
0.024171 -0.025595
0.020876 -0.025595
0.029662 -0.025705
0.024171 -0.025705
0.028564 -0.030754
0.027575 -0.036567
0.027575 -0.030754
0.027575 -0.025924
0.028783 -0.030754
0.028783 -0.036567
0.039540 -0.039312
0.026368 -0.039312
0.031307 -0.035361
0.031747 -0.042483
0.035150 -0.044789
0.032735 -0.045557
0.032735 -0.045557
0.032955 -0.047203
0.045024 -0.047203
0.050506 -0.047203
0.049410 -0.047203
0.040637 -0.041069
0.031416 -0.044798
0.031416 -0.044798
0.031416 -0.049944
0.031306 -0.054869
0.029440 -0.061321
0.036248 -0.057478
0.019778 -0.061102
0.034053 -0.067883
0.031965 -0.064047
0.031965 -0.064047
0.031965 -0.064047
0.029768 -0.056266
0.035150 -0.047178
0.024828 -0.047178
0.024389 -0.054414
0.024389 -0.056611
0.024389 -0.048939
0.026256 -0.042268
0.020876 -0.038864
0.018679 -0.038864
0.025927 -0.038864
0.036248 -0.031298
0.026037 -0.033490
0.026256 -0.030084
0.028892 -0.038309
0.028123 -0.033258
0.025269 -0.033258
0.030320 -0.039405
0.031857 -0.042809
0.037345 -0.042809
0.031088 -0.042700
0.029662 -0.042700
0.029771 -0.035135
0.030869 -0.034916
0.032955 -0.031626
0.046121 -0.037003
0.020876 -0.034148
0.029881 -0.030749
0.042831 -0.035250
0.029662 -0.034593
0.030760 -0.028996
0.030760 -0.031523
0.041734 -0.033061
0.040637 -0.029769
0.026368 -0.029001
0.025269 -0.028562
0.035150 -0.028562
0.027246 -0.025706
0.039540 -0.025706
0.027575 -0.030208
0.026368 -0.030977
0.027575 -0.030977
0.030760 -0.028672
0.020876 -0.028672
0.027575 -0.028124
0.034053 -0.030209
0.019778 -0.031527
0.023073 -0.030100
0.025269 -0.030429
0.026368 -0.030429
0.028564 -0.028563
0.026807 -0.028563
0.026368 -0.028563
0.037345 -0.028234
0.025050 -0.027575
0.026038 -0.026038
0.016482 -0.026038
0.038443 -0.026916
0.035150 -0.025159
0.018679 -0.025159
0.040637 -0.025159
0.032955 -0.024500
0.030100 -0.025708
0.027466 -0.025378
0.021974 -0.025269
0.031857 -0.026037
0.024171 -0.027904
0.042831 -0.027904
0.033394 -0.027904
0.046121 -0.026037
0.035150 -0.025488
0.032516 -0.027355
0.031857 -0.026476
0.047218 -0.028343
0.036248 -0.026476
0.035150 -0.024609
0.032626 -0.023511
0.042831 -0.023621
0.026368 -0.023621
0.029662 -0.023621
0.028564 -0.024939
0.042831 -0.027025
0.046121 -0.028343
0.030760 -0.026805
0.045024 -0.026805
0.034053 -0.029001
0.038113 -0.031087
0.039429 -0.031087
0.021974 -0.031087
0.025269 -0.029660
0.045024 -0.031966
0.045024 -0.031417
0.040637 -0.029111
0.042831 -0.028891
0.035918 -0.026915
0.042831 -0.027902
0.046121 -0.026915
0.031857 -0.026915
0.045024 -0.029769
0.036466 -0.032843
0.034600 -0.035697
0.052698 -0.032843
0.038443 -0.032843
0.039540 -0.032843
0.035039 -0.032843
0.023073 -0.035368
0.035479 -0.037014
0.034711 -0.038770
0.024171 -0.036354
0.046121 -0.040305
0.037345 -0.041621
0.031527 -0.037670
0.042831 -0.038000
0.031857 -0.039098
0.031637 -0.042170
0.031637 -0.039098
0.038443 -0.039098
0.020876 -0.038550
0.029551 -0.038550
0.028234 -0.037671
0.029662 -0.033390
0.035150 -0.037121
0.036248 -0.041621
0.027466 -0.041621
0.023073 -0.043926
0.031527 -0.042500
0.035150 -0.041732
0.036248 -0.041732
0.041734 -0.038878
0.037345 -0.037342
0.023073 -0.037342
0.020876 -0.037342
0.029662 -0.037342
0.018679 -0.033171
0.020876 -0.036355
0.047218 -0.037342
0.037345 -0.038767
0.030760 -0.039315
0.033394 -0.043484
0.020876 -0.040413
0.045024 -0.036901
0.033723 -0.039207
0.037345 -0.037560
0.034491 -0.037889
0.034491 -0.033061
0.049410 -0.036245
0.037015 -0.032733
0.037345 -0.029987
0.025269 -0.029987
0.051603 -0.033829
0.042831 -0.038328
0.045024 -0.033829
0.037893 -0.029987
0.039100 -0.033829
0.030760 -0.034816
0.025269 -0.031741
0.052698 -0.030642
0.037345 -0.031082
0.041734 -0.036129
0.049410 -0.034042
0.045024 -0.032618
0.032075 -0.033277
0.030760 -0.033277
0.046121 -0.034705
0.032844 -0.031521
0.021974 -0.029328
0.019778 -0.026694
0.042831 -0.024279
0.029990 -0.023181
0.019778 -0.024279
0.027794 -0.027463
0.027904 -0.026695
0.023073 -0.026695
0.027355 -0.028341
0.027355 -0.031744
0.026368 -0.028889
0.027355 -0.029438
0.019778 -0.029438
0.027466 -0.031744
0.027466 -0.028561
0.038443 -0.028342
0.028014 -0.028342
0.032955 -0.028342
0.025269 -0.025377
0.016482 -0.025377
0.026368 -0.025377
0.034053 -0.025377
0.031857 -0.026476
0.029112 -0.023950
0.036248 -0.026037
0.038443 -0.025817
0.025269 -0.025927
0.020876 -0.025927
0.030869 -0.026805
0.031637 -0.026805
0.040637 -0.024939
0.042831 -0.026476
0.035150 -0.026036
0.021974 -0.024169
0.033723 -0.024169
0.027466 -0.021643
0.031857 -0.021863
0.039540 -0.021863
0.047218 -0.021863
0.035150 -0.019337
0.041734 -0.021094
0.034053 -0.020105
0.036028 -0.022631
0.047218 -0.020105
0.024171 -0.020874
0.051603 -0.019667
0.036248 -0.020106
0.045024 -0.020106
0.035150 -0.022193
0.051603 -0.022193
0.036248 -0.022193
0.038443 -0.022742
0.054890 -0.023730
0.038443 -0.026256
0.047218 -0.024279
0.023073 -0.021753
0.019778 -0.020874
0.035589 -0.023180
0.047218 -0.020654
0.035150 -0.021204
0.042831 -0.024168
0.030760 -0.020435
0.035369 -0.023071
0.033833 -0.021642
0.033393 -0.022190
0.028564 -0.027352
0.038443 -0.023399
0.041734 -0.023399
0.029661 -0.023399
0.038443 -0.023399
0.027684 -0.021532
0.026805 -0.021532
0.026036 -0.016480
0.034053 -0.016480
0.025487 -0.015271
0.018679 -0.015381
0.019995 -0.010877
0.020434 -0.014612
0.020434 -0.013295
0.020434 -0.013295
0.020876 -0.013295
0.022521 -0.013844
0.012087 -0.008351
0.016151 -0.002968
0.016151 -0.002968
0.008791 -0.000002
0.016151 -0.005495
0.015491 0.000108
0.019336 0.000108
0.012087 0.004942
0.019446 0.012847
0.017248 0.016465
0.017248 0.027866
0.019885 0.016465
0.020324 0.023073
0.017581 0.017453
0.021752 0.027536
0.021752 0.041775
0.024607 0.046828
0.027463 0.028859
0.035150 0.028639
0.026913 0.028639
0.031196 0.023147
0.031196 0.023147
0.028340 0.036915
0.028780 0.036915
0.033170 0.036366
0.023073 0.035048
0.026251 0.053151
0.020322 0.072430
0.018786 0.068035
0.021640 0.097546
0.022299 0.089441
0.031857 0.059930
0.028008 0.059930
0.026583 0.040102
0.028338 0.039333
0.032072 0.022219
0.032072 0.005155
0.016482 0.000879
0.031414 -0.003515
0.034160 -0.007470
0.033941 -0.009997
0.036245 -0.009997
0.030760 -0.009997
0.034708 -0.010107
0.032073 -0.012085
0.030976 -0.018344
0.030867 -0.019663
0.039540 -0.024603
0.031087 -0.024603
0.038443 -0.024603
0.030209 -0.019663
0.031417 -0.020102
0.046121 -0.024494
0.037345 -0.021089
0.043928 -0.024494
0.047218 -0.021531
0.034711 -0.022630
0.036137 -0.022630
0.020876 -0.018458
0.035150 -0.020215
0.042831 -0.021424
0.020876 -0.022192
0.028564 -0.025047
0.034052 -0.025047
0.034053 -0.022192
0.028564 -0.022192
0.032955 -0.022192
0.041734 -0.022192
0.029551 -0.025047
0.029332 -0.025047
0.032955 -0.025047
0.026587 -0.023290
0.021974 -0.019995
0.024610 -0.018676
0.027466 -0.018676
0.028564 -0.013733
0.023401 -0.010437
0.021643 -0.004285
0.018128 0.001647
0.018128 0.001099
0.013623 -0.004285
0.011536 -0.001099
0.013953 -0.001099
0.013953 -0.007251
0.021974 -0.007251
0.015929 -0.002636
0.014172 -0.002746
0.012195 -0.002746
0.013403 -0.007690
0.013403 -0.002746
0.009009 0.004173
0.004834 0.003844
0.004834 0.001652
0.007031 0.010215
0.007031 0.015044
0.007692 0.025269
0.008679 0.032551
0.011207 0.052217
0.014283 0.075744
0.014064 0.091660
0.015383 0.112461
0.014285 0.046121
0.020215 0.061797
0.022193 0.061797
0.022193 0.081113
0.022193 0.085215
0.022193 0.081033
0.025268 0.066757
0.025817 0.039805
0.025817 0.018805
0.025817 0.043978
0.028013 0.041781
0.024171 0.055045
0.031857 0.063937
0.024171 0.063937
0.031857 0.046233
0.025927 0.051945
0.025269 0.068442
0.025707 0.071079
0.022522 0.050079
0.025378 0.036864
0.025707 0.050189
0.018679 0.056444
0.025707 0.054247
0.014285 0.043339
0.036248 0.036006
0.025707 0.036006
0.027794 0.028548
0.029111 0.024930
0.027903 0.022629
0.026915 0.016918
0.024498 0.016918
0.021313 0.027466
0.022082 0.013293
0.022082 0.009668
0.016482 0.009668
0.022082 0.004834
0.021862 0.000110
0.020434 0.000110
0.017029 0.002746
0.019115 -0.003625
0.015490 -0.001208
0.016479 -0.001208
0.019778 -0.001208
0.007692 0.003515
0.015930 0.002856
0.015930 -0.002417
0.019445 -0.005603
0.019445 -0.011316
0.020214 -0.014061
0.016699 -0.012193
0.018127 -0.012193
0.018127 -0.012193
0.021752 -0.011644
0.021752 -0.018015
0.021752 -0.020213
0.024169 -0.014831
0.020764 -0.011754
0.020764 -0.011754
0.018676 -0.011754
0.019775 -0.011754
0.019775 -0.011754
0.022631 -0.011534
0.013186 -0.013840
0.023839 -0.015707
0.030760 -0.015707
0.023620 -0.013731
0.020764 -0.014169
0.023290 -0.012853
0.025817 -0.018345
0.025269 -0.012853
0.028233 -0.018345
0.028782 -0.018345
0.026586 -0.018345
0.018679 -0.021861
0.028782 -0.021861
0.027466 -0.022190
0.029112 -0.022629
0.028453 -0.022629
0.028453 -0.022629
0.035150 -0.022629
0.028892 -0.022629
0.030760 -0.028777
0.034053 -0.028009
0.028014 -0.024828
0.032955 -0.028889
0.018679 -0.033388
0.026367 -0.037886
0.026367 -0.037886
0.027794 -0.040082
0.029332 -0.036353
0.039540 -0.034489
0.030760 -0.034489
0.033065 -0.034489
0.032845 -0.034489
0.035150 -0.036684
0.032955 -0.036684
0.037345 -0.034929
0.028564 -0.033941
0.034601 -0.032404
0.018679 -0.034161
0.024171 -0.033612
0.047218 -0.035807
0.032955 -0.035807
0.040637 -0.035807
0.039540 -0.035807
0.037345 -0.035148
0.046121 -0.037124
0.035150 -0.034929
0.034053 -0.032404
0.038443 -0.034929
0.038443 -0.035259
0.037345 -0.033612
0.037345 -0.035039
0.034711 -0.037124
0.031857 -0.036576
0.038443 -0.034710
0.031857 -0.032844
0.032955 -0.032844
0.032955 -0.032844
0.032955 -0.034820
0.037345 -0.035478
0.039540 -0.035478
0.038443 -0.035478
0.042831 -0.036576
0.034053 -0.034600
0.032955 -0.034600
0.038443 -0.035149
0.027466 -0.035149
0.027466 -0.034490
0.036248 -0.032514
0.031967 -0.030538
0.027466 -0.030538
0.017581 -0.030538
0.032845 -0.030538
0.033394 -0.031087
0.033064 -0.031087
0.030760 -0.029331
0.036248 -0.029660
0.026368 -0.031965
0.045024 -0.031417
0.031967 -0.031856
0.048314 -0.031307
0.032954 -0.030868
0.032954 -0.030868
0.027466 -0.030868
0.040637 -0.031637
0.033942 -0.033613
0.042831 -0.034820
0.053794 -0.033503
0.029662 -0.033503
0.045024 -0.032076
0.032955 -0.033503
0.036686 -0.032076
0.040637 -0.030649
0.041734 -0.030649
0.040637 -0.030649
0.042831 -0.030649
0.036028 -0.030649
0.043928 -0.030649
0.035150 -0.032625
0.038443 -0.032625
0.049410 -0.030539
0.036248 -0.032625
0.027466 -0.032625
0.023073 -0.032076
0.030760 -0.032076
0.035150 -0.031307
0.043928 -0.030538
0.045024 -0.028232
0.026368 -0.026146
0.034931 -0.027134
0.028564 -0.027134
0.036248 -0.027573
0.039540 -0.027573
0.034053 -0.027573
0.034821 -0.028451
0.034931 -0.025926
0.029662 -0.023510
0.043928 -0.024059
0.020876 -0.021204
0.039540 -0.024388
0.036248 -0.024388
0.048314 -0.024388
0.037345 -0.027133
0.020876 -0.028560
0.035260 -0.030317
0.029662 -0.030317
0.038003 -0.032842
0.034053 -0.034050
0.036357 -0.034050
0.037564 -0.034380
0.027466 -0.037563
0.047218 -0.034380
0.029662 -0.035368
0.037893 -0.035368
0.046121 -0.037344
0.036685 -0.039539
0.042831 -0.039539
0.036248 -0.041404
0.031526 -0.041404
0.031526 -0.041404
0.030978 -0.041404
0.031965 -0.040416
0.031965 -0.040416
0.032295 -0.038331
0.031417 -0.036247
0.029660 -0.036247
0.030978 -0.038331
0.023073 -0.037782
0.029879 -0.037782
0.028892 -0.035917
0.027574 -0.033173
0.020876 -0.033173
0.025269 -0.030977
0.030099 -0.029440
0.040637 -0.027683
0.039540 -0.027683
0.043928 -0.028341
0.037345 -0.026803
0.034053 -0.026365
0.023073 -0.029108
0.033283 -0.025925
0.043928 -0.029328
0.018679 -0.029328
0.030760 -0.032731
0.026368 -0.030205
0.035589 -0.026693
0.036906 -0.028011
0.050506 -0.024608
0.037674 -0.026693
0.038443 -0.023071
0.039540 -0.022631
0.038443 -0.022302
0.041734 -0.021534
0.035699 -0.023840
0.041734 -0.025378
0.037564 -0.024938
0.037345 -0.022522
0.034053 -0.022522
0.035918 -0.022522
0.041734 -0.022522
0.039540 -0.024170
0.038443 -0.026476
0.036467 -0.026476
0.035809 -0.027794
0.047218 -0.029551
0.026368 -0.027355
0.035589 -0.027355
0.035589 -0.029551
0.052698 -0.029551
0.037345 -0.029551
0.037345 -0.032186
0.036467 -0.031088
0.027466 -0.032625
0.029662 -0.032625
0.034053 -0.034930
0.048314 -0.038001
0.039540 -0.038220
0.032955 -0.041400
0.036248 -0.040414
0.030210 -0.043484
0.038443 -0.046773
0.027574 -0.051373
0.038443 -0.055752
0.029990 -0.058602
0.018679 -0.063202
0.028014 -0.067032
0.028014 -0.067032
0.028014 -0.071626
0.028892 -0.071626
0.025269 -0.071626
0.034053 -0.075342
0.026696 -0.074357
0.024499 -0.078727
0.024829 -0.078727
0.025048 -0.083745
0.023073 -0.089625
0.019778 -0.093974
0.022632 -0.093974
0.022523 -0.093974
0.019778 -0.097773
0.021973 -0.102244
0.014285 -0.110042
0.023401 -0.102244
0.025378 -0.102244
0.027794 -0.103335
0.023073 -0.105297
0.029550 -0.105297
0.038443 -0.102248
0.027134 -0.112289
0.027134 -0.120293
0.027134 -0.125130
0.039540 -0.120563
0.032955 -0.131974
0.030099 -0.131974
0.041734 -0.136757
0.027466 -0.143667
0.030977 -0.143667
0.033722 -0.151002
0.034490 -0.151002
0.039540 -0.162072
0.046121 -0.162072
0.034161 -0.168565
0.034161 -0.156728
0.034929 -0.165869
0.033613 -0.161092
0.032955 -0.156622
0.035369 -0.149884
0.034052 -0.149884
0.023073 -0.150751
0.049410 -0.142806
0.053794 -0.142806
0.040306 -0.142806
0.039538 -0.142806
0.021974 -0.141952
0.028564 -0.144009
0.037345 -0.144009
0.037014 -0.149388
0.039318 -0.149388
0.032955 -0.144009
0.040637 -0.138512
0.046121 -0.132251
0.026368 -0.132251
0.049410 -0.125660
0.046557 -0.125660
0.046557 -0.121750
0.045241 -0.114823
0.041734 -0.114823
0.059271 -0.107894
0.043706 -0.107894
0.057081 -0.103009
0.034053 -0.103009
0.060366 -0.099647
0.047872 -0.094757
0.045460 -0.089419
0.061461 -0.084730
0.055985 -0.080910
0.058176 -0.077088
0.046775 -0.075231
0.047104 -0.071407
0.036248 -0.067908
0.044472 -0.067251
0.038443 -0.063642
0.046117 -0.059923
0.054890 -0.059923
0.042606 -0.059923
0.039096 -0.059923
0.037668 -0.059923
0.037668 -0.055433
0.031857 -0.055433
0.041734 -0.057730
0.029440 -0.053240
0.019778 -0.049842
0.028562 -0.045346
0.029331 -0.045784
0.031307 -0.045784
0.029550 -0.042385
0.027574 -0.041071
0.025817 -0.044141
0.025817 -0.044141
0.018679 -0.042494
0.024720 -0.043481
0.025159 -0.043481
0.027466 -0.040079
0.027136 -0.037997
0.035150 -0.034265
0.026257 -0.034155
0.032955 -0.034155
0.030760 -0.034155
0.023292 -0.035470
0.017581 -0.039856
0.021974 -0.046543
0.020876 -0.046543
0.022524 -0.053335
0.023732 -0.045884
0.024171 -0.038977
0.023073 -0.038977
0.025049 -0.033382
0.023073 -0.033382
0.025159 -0.034700
0.023073 -0.034700
0.019778 -0.038433
0.013186 -0.041398
0.023951 -0.046114
0.024500 -0.042274
0.023073 -0.043262
0.024500 -0.042164
0.026147 -0.038432
0.028123 -0.034263
0.028123 -0.037667
0.028123 -0.039753
0.020876 -0.037558
0.027684 -0.034928
0.028564 -0.036026
0.027025 -0.033940
0.036248 -0.036026
0.023730 -0.039317
0.023620 -0.040305
0.023730 -0.038551
0.016482 -0.038551
0.026805 -0.038003
0.028452 -0.035698
0.028452 -0.035698
0.026146 -0.035698
0.026146 -0.035698
0.023073 -0.035698
0.028452 -0.033832
0.017581 -0.035698
0.039540 -0.035698
0.028891 -0.035698
0.031197 -0.033502
0.018679 -0.033063
0.031197 -0.033063
0.028564 -0.030428
0.032955 -0.033063
0.039540 -0.031965
0.031636 -0.031965
0.030539 -0.034380
0.030539 -0.034161
0.030539 -0.031416
0.030539 -0.031635
0.030099 -0.033501
0.043928 -0.031086
0.037345 -0.029878
0.031966 -0.029878
0.035150 -0.026693
0.039540 -0.023289
0.025269 -0.020653
0.019778 -0.020982
0.035150 -0.020982
0.052698 -0.017248
0.028564 -0.016479
0.037783 -0.016479
0.038990 -0.012635
0.047218 -0.014942
0.037125 -0.014942
0.020876 -0.014942
0.038990 -0.012966
0.036248 -0.012856
0.030760 -0.016261
0.051603 -0.015821
0.043928 -0.016260
0.035697 -0.012197
0.035477 -0.015380
0.038001 -0.011208
0.050506 -0.009230
0.057081 -0.010329
0.040637 -0.010329
0.024171 -0.011098
0.052698 -0.011977
0.034050 -0.011977
0.050506 -0.009889
0.045024 -0.010768
0.036355 -0.011976
0.023073 -0.016149
0.033830 -0.020651
0.030097 -0.024823
0.028011 -0.028886
0.031744 -0.025263
0.033062 -0.025263
0.030208 -0.029655
0.028013 -0.031522
0.027025 -0.033060
0.017581 -0.037340
0.029662 -0.037560
0.023951 -0.041510
0.022084 -0.043156
0.022084 -0.043924
0.022084 -0.043924
0.024171 -0.043157
0.024061 -0.045789
0.023073 -0.043157
0.026366 -0.044364
0.030760 -0.041842
0.026366 -0.044474
0.023073 -0.046010
0.034053 -0.046010
0.026366 -0.043378
0.024390 -0.046448
0.023073 -0.046448
0.015383 -0.044583
0.025048 -0.044583
0.025048 -0.046227
0.019778 -0.050391
0.025048 -0.046227
0.026914 -0.042827
0.027793 -0.042279
0.027354 -0.043813
0.027244 -0.043813
0.025707 -0.040633
0.025816 -0.037123
0.027792 -0.036684
0.018679 -0.036025
0.031524 -0.031744
0.031524 -0.032073
0.032183 -0.032073
0.032183 -0.032731
0.029439 -0.035253
0.029548 -0.035253
0.029219 -0.034375
0.024171 -0.034375
0.018679 -0.039643
0.024389 -0.039094
0.015383 -0.039204
0.016482 -0.039204
0.023401 -0.036680
0.023401 -0.036680
0.023401 -0.038656
0.023072 -0.038656
0.029662 -0.040302
0.025048 -0.040302
0.025048 -0.040302
0.027574 -0.036134
0.016482 -0.030866
0.020876 -0.036134
0.020876 -0.038220
0.036248 -0.036024
0.031857 -0.031745
0.027244 -0.036024
0.027244 -0.039094
0.029879 -0.039094
0.029550 -0.043263
0.029550 -0.044581
0.035150 -0.044581
0.026806 -0.046884
0.027794 -0.043045
0.027794 -0.039206
0.030319 -0.035147
0.029002 -0.036904
0.023073 -0.034708
0.031087 -0.033721
0.041734 -0.032733
0.031856 -0.030647
0.032185 -0.031965
0.034709 -0.031526
0.039540 -0.033612
0.032734 -0.035369
0.024171 -0.035588
0.029662 -0.033283
0.032954 -0.033283
0.032954 -0.033283
0.032515 -0.033283
0.028564 -0.033832
0.034162 -0.035918
0.034162 -0.035918
0.021974 -0.034161
0.034711 -0.035589
0.035150 -0.036028
0.050506 -0.035150
0.038443 -0.035150
0.031857 -0.035150
0.032406 -0.035150
0.037345 -0.035918
0.033833 -0.037564
0.034821 -0.035918
0.037345 -0.035918
0.035370 -0.035918
0.039540 -0.035918
0.042831 -0.036905
0.032845 -0.036905
0.029662 -0.035479
0.032955 -0.035808
0.021974 -0.035808
0.034272 -0.037124
0.037345 -0.035917
0.018679 -0.034490
0.039540 -0.033612
0.043928 -0.032514
0.032955 -0.034819
0.036248 -0.034819
0.037345 -0.035697
0.032625 -0.035697
0.031857 -0.038002
0.028564 -0.038002
0.029551 -0.036905
0.034053 -0.036905
0.029332 -0.035917
0.028673 -0.035477
0.040637 -0.034489
0.026368 -0.031855
0.030760 -0.031306
0.036248 -0.031306
0.021974 -0.028123
0.029552 -0.025927
0.034053 -0.028123
0.029552 -0.027354
0.029662 -0.029988
0.016482 -0.030647
0.027466 -0.030647
0.027466 -0.032732
0.030650 -0.035036
0.026368 -0.035694
0.029881 -0.037451
0.025269 -0.034159
0.029881 -0.034159
0.029662 -0.034159
0.034053 -0.034159
0.027466 -0.032731
0.046121 -0.029329
0.033833 -0.025816
0.034820 -0.023070
0.040637 -0.027351
0.031857 -0.023070
0.036248 -0.020984
0.023073 -0.018239
0.043928 -0.018788
0.026368 -0.017799
0.043928 -0.017799
0.037345 -0.021423
0.052698 -0.020105
0.035150 -0.022851
0.039540 -0.019227
0.039210 -0.021972
0.055985 -0.023510
0.055985 -0.023510
0.039100 -0.024279
0.038223 -0.021094
0.027466 -0.019446
0.050506 -0.019446
0.038771 -0.019446
0.038771 -0.017030
0.040637 -0.017030
0.041734 -0.014174
0.038661 -0.017030
0.040965 -0.016920
0.040965 -0.016151
0.038443 -0.019117
0.054890 -0.020764
0.039099 -0.020764
0.042831 -0.024278
0.035150 -0.024278
0.038441 -0.020764
0.042831 -0.020764
0.038332 -0.018127
0.026368 -0.016588
0.042831 -0.014940
0.038332 -0.019443
0.035806 -0.024166
0.036793 -0.019993
0.036793 -0.019993
0.038001 -0.020870
0.028564 -0.022739
0.039098 -0.018126
0.035366 -0.020211
0.043928 -0.015709
0.039866 -0.013841
0.041949 -0.013841
0.041949 -0.017465
0.043374 -0.013290
0.065839 -0.014059
0.046886 -0.013070
0.047654 -0.009006
0.051603 -0.012082
0.048203 -0.012082
0.027466 -0.012082
0.049410 -0.013401
0.055985 -0.009447
0.051492 -0.004944
0.050506 -0.009447
0.057081 -0.004944
0.073494 -0.008460
0.052479 -0.008460
0.051163 -0.010987
0.043928 -0.015160
0.045024 -0.019443
0.050506 -0.022080
0.036248 -0.022080
0.054890 -0.022080
0.055985 -0.024936
0.046559 -0.024936
0.065839 -0.020653
0.061461 -0.020653
0.046559 -0.020653
0.046559 -0.020653
0.062556 -0.020653
0.053794 -0.020653
0.041734 -0.020653
0.046559 -0.020653
0.045024 -0.020653
0.030760 -0.020653
0.045024 -0.020653
0.046559 -0.020653
0.040637 -0.020653
0.036248 -0.020653
0.036248 -0.020653
