0.009890 -0.050937
0.013076 -0.050937
0.013076 -0.050937
0.013076 -0.050937
0.013076 -0.050937
0.013076 -0.050937
0.013076 -0.050937
0.013076 -0.050937
0.013076 -0.050937
0.013076 -0.050937
0.013076 -0.050937
0.013076 -0.050937
0.013076 -0.050937
0.013076 -0.050937
0.012087 -0.050937
0.013076 -0.050937
0.013186 -0.051594
0.012197 -0.051594
0.007692 -0.051594
0.014394 -0.051594
0.021974 -0.047648
0.018569 -0.047648
0.028564 -0.047757
0.021974 -0.051703
0.017031 -0.051703
0.017031 -0.051703
0.025269 -0.048855
0.012087 -0.047103
0.023073 -0.050501
0.017800 -0.048747
0.017800 -0.049515
0.017690 -0.051706
0.018679 -0.048637
0.019997 -0.045130
0.021315 -0.043267
0.019997 -0.046117
0.017581 -0.045129
0.018679 -0.042278
0.022084 -0.042168
0.023292 -0.042168
0.022084 -0.045347
0.019778 -0.045347
0.014285 -0.041510
0.016482 -0.040303
0.024500 -0.040303
0.020876 -0.040303
0.027466 -0.036684
0.034053 -0.040303
0.024500 -0.043046
0.026476 -0.039427
0.024500 -0.042826
0.023402 -0.043375
0.023292 -0.039756
0.022852 -0.039756
0.021974 -0.039756
0.014285 -0.043046
0.024061 -0.045457
0.021974 -0.042823
0.032955 -0.040522
0.029662 -0.038875
0.028783 -0.037997
0.030320 -0.033720
0.039540 -0.037778
0.030209 -0.038437
0.027794 -0.035363
0.023073 -0.029876
0.028233 -0.030755
0.028343 -0.031414
0.035150 -0.032183
0.026368 -0.031195
0.039540 -0.029989
0.027355 -0.029989
0.035150 -0.029989
0.038443 -0.027902
0.024720 -0.029440
0.022962 -0.031745
0.020765 -0.033173
0.022962 -0.030538
0.021205 -0.028562
0.019447 -0.028562
0.018679 -0.026257
0.017689 -0.024609
0.027466 -0.027244
0.021974 -0.025488
0.016151 -0.025488
0.016261 -0.025488
0.009890 -0.025488
0.015602 -0.028013
0.013186 -0.025488
0.010439 -0.025488
0.009560 -0.026146
0.009560 -0.028781
0.014285 -0.026146
0.008791 -0.024609
0.009340 -0.027354
0.009340 -0.027354
0.009450 -0.029989
0.008791 -0.033390
0.008791 -0.036900
0.007033 -0.041287
0.006703 -0.038982
0.006703 -0.042479
0.007033 -0.049707
0.006703 -0.055732
0.004176 -0.054854
0.006703 -0.055512
0.009890 -0.060332
0.005384 -0.060332
0.005384 -0.063404
0.007582 -0.064941
0.008241 -0.064941
0.013186 -0.064941
0.009340 -0.065488
0.010439 -0.065488
0.009890 -0.065488
0.010549 -0.062648
0.010549 -0.063854
0.009890 -0.062872
0.011648 -0.062872
0.011648 -0.062872
0.011318 -0.060357
0.011318 -0.060028
0.014285 -0.062439
0.009890 -0.063535
0.012637 -0.063535
0.015383 -0.065396
0.013186 -0.062552
0.012307 -0.060364
0.009890 -0.059161
0.013076 -0.057628
0.013076 -0.059161
0.014285 -0.058613
0.012966 -0.058613
0.008791 -0.057518
0.007692 -0.057518
0.014724 -0.057518
0.017581 -0.055217
0.017581 -0.055217
0.009890 -0.056093
0.008791 -0.056093
0.020876 -0.057080
0.027466 -0.057080
0.019778 -0.057080
0.019778 -0.058066
0.019228 -0.058066
0.015383 -0.056751
0.021974 -0.056204
0.023073 -0.053902
0.024171 -0.056204
0.019558 -0.056204
0.019558 -0.056751
0.019558 -0.055984
0.027466 -0.055217
0.020876 -0.053573
0.020876 -0.051710
0.030760 -0.051710
0.020437 -0.051382
0.010989 -0.051053
0.016482 -0.049519
0.019778 -0.050944
0.018679 -0.050944
0.026368 -0.049300
0.014285 -0.046997
0.022743 -0.047436
0.012087 -0.048204
0.025269 -0.049629
0.028564 -0.051163
0.024171 -0.051163
0.019667 -0.049629
0.018679 -0.051163
0.016482 -0.052149
0.017361 -0.052149
0.017361 -0.050615
0.017361 -0.048971
0.016592 -0.049738
0.016811 -0.051382
0.015822 -0.053026
0.015822 -0.053026
0.015273 -0.051382
0.016482 -0.053026
0.018679 -0.053026
0.014394 -0.052477
0.014394 -0.050833
0.016482 -0.051710
0.015603 -0.051271
0.017360 -0.049188
0.025269 -0.050284
0.016482 -0.048639
0.008791 -0.047981
0.021974 -0.046995
0.017251 -0.046995
0.017251 -0.048968
0.018569 -0.051270
0.018130 -0.053572
0.017910 -0.052694
0.017251 -0.052037
0.024171 -0.051490
0.020876 -0.051929
0.017800 -0.053135
0.023073 -0.050943
0.012087 -0.048640
0.019778 -0.048860
0.021974 -0.051052
0.018679 -0.053135
0.018679 -0.051929
0.026368 -0.049847
0.021974 -0.049847
0.017581 -0.052039
0.019778 -0.052039
0.009890 -0.052039
0.017581 -0.049847
0.016482 -0.050724
0.025269 -0.050724
0.018679 -0.050176
0.028564 -0.050176
0.024171 -0.050176
0.019778 -0.049190
0.019009 -0.051053
0.019778 -0.053135
0.020876 -0.052587
0.010989 -0.052806
0.013186 -0.053463
0.017910 -0.051271
0.010989 -0.049847
0.016372 -0.051929
0.017581 -0.050723
0.017800 -0.049078
0.025269 -0.048749
0.016592 -0.050611
0.016921 -0.050611
0.018679 -0.050611
0.015163 -0.053678
0.013955 -0.054553
0.014285 -0.054553
0.014394 -0.054223
0.014504 -0.053565
0.015054 -0.052360
0.009890 -0.054109
0.007692 -0.054109
0.014175 -0.055420
0.012636 -0.061112
0.015383 -0.065267
0.010659 -0.068334
0.010659 -0.068334
0.015383 -0.068334
0.006593 -0.068334
0.007692 -0.066469
0.010989 -0.061327
0.011318 -0.055305
0.011318 -0.055305
0.016482 -0.049720
0.012307 -0.050266
0.012307 -0.053665
0.013186 -0.051800
0.014614 -0.046322
0.010989 -0.044894
0.013735 -0.050376
0.012856 -0.050376
0.014175 -0.043472
0.014175 -0.045010
0.014394 -0.047753
0.012087 -0.047753
0.016482 -0.047753
0.014834 -0.047753
0.018679 -0.051038
0.013955 -0.055859
0.012856 -0.054653
0.013625 -0.054653
0.013625 -0.057285
0.014065 -0.053781
0.013186 -0.050277
0.015603 -0.046003
0.019778 -0.043484
0.016262 -0.043484
0.017581 -0.046883
0.015164 -0.051157
0.008791 -0.054772
0.014285 -0.058605
0.012087 -0.060030
0.017581 -0.060359
0.013625 -0.060359
0.013186 -0.058828
0.019778 -0.058718
0.013186 -0.058718
0.015054 -0.058718
0.014395 -0.061893
0.018679 -0.059156
0.015164 -0.059156
0.015383 -0.062876
0.010989 -0.066487
0.014175 -0.065939
0.014175 -0.065939
0.014175 -0.062109
0.014504 -0.059153
0.015164 -0.055868
0.015164 -0.052915
0.016482 -0.052915
0.016592 -0.050943
0.017581 -0.051709
0.016592 -0.051709
0.014285 -0.051819
0.014944 -0.053901
0.014285 -0.053572
0.014175 -0.057511
0.014504 -0.055539
0.015603 -0.051599
0.010989 -0.051599
0.016921 -0.049518
0.025269 -0.048092
0.017581 -0.050064
0.018679 -0.052255
0.015933 -0.051379
0.016042 -0.049077
0.015164 -0.052145
0.013186 -0.055103
0.010989 -0.054228
0.015933 -0.053679
0.015933 -0.053021
0.015603 -0.053021
0.016811 -0.049953
0.008791 -0.049953
0.018130 -0.046665
0.019778 -0.047322
0.016482 -0.049516
0.018459 -0.049516
0.019118 -0.049735
0.017581 -0.049406
0.019448 -0.049625
0.013186 -0.048640
0.017581 -0.048640
0.020107 -0.047323
0.023073 -0.044472
0.010989 -0.045899
0.019558 -0.045899
0.018679 -0.048202
0.024171 -0.048202
0.018679 -0.048202
0.016482 -0.050614
0.018130 -0.050614
0.024171 -0.048641
0.025269 -0.048093
0.021974 -0.046448
0.015383 -0.048312
0.019228 -0.047764
0.019778 -0.047435
0.018679 -0.045571
0.019887 -0.045242
0.018679 -0.045242
0.014285 -0.045242
0.018020 -0.047326
0.017251 -0.047326
0.015823 -0.047326
0.015823 -0.045680
0.020876 -0.044035
0.015054 -0.044035
0.015054 -0.041952
0.014944 -0.043816
0.013625 -0.045351
0.009890 -0.044145
0.012087 -0.046338
0.012087 -0.046338
0.012197 -0.046338
0.011867 -0.047325
0.013186 -0.045241
0.016482 -0.045241
0.010219 -0.047763
0.011867 -0.045241
0.011867 -0.045241
0.008791 -0.045241
0.011098 -0.046447
0.010659 -0.046338
0.010549 -0.048640
0.015383 -0.046338
0.014065 -0.044363
0.014834 -0.044472
0.013515 -0.046009
0.013515 -0.046009
0.014944 -0.047544
0.014065 -0.046887
0.015493 -0.044694
0.014724 -0.044694
0.014724 -0.044694
0.014724 -0.044694
0.013186 -0.043815
0.015383 -0.046448
0.017581 -0.048751
0.015163 -0.046118
0.016701 -0.045570
0.017581 -0.046009
0.017360 -0.042937
0.015822 -0.046009
0.014175 -0.048751
0.009890 -0.046887
0.013735 -0.049190
0.008791 -0.049190
0.013735 -0.046887
0.013735 -0.046887
0.015163 -0.044583
0.013735 -0.046448
0.008791 -0.043376
0.013735 -0.044252
0.014394 -0.040742
0.012307 -0.045128
0.007692 -0.048089
0.010439 -0.050059
0.011977 -0.049291
0.017581 -0.049291
0.009779 -0.051590
0.010988 -0.047638
0.008681 -0.054545
0.007472 -0.060462
0.009669 -0.062326
0.009669 -0.062326
0.009669 -0.062326
0.008131 -0.062326
0.009010 -0.060029
0.009010 -0.060029
0.007912 -0.060467
0.007912 -0.059480
0.009010 -0.059480
0.011757 -0.053672
0.012196 -0.053563
0.013295 -0.054769
0.014613 -0.054769
0.017250 -0.050822
0.018679 -0.050822
0.019886 -0.050822
0.020765 -0.052798
0.020984 -0.051485
0.017581 -0.054557
0.021424 -0.051490
0.020985 -0.051490
0.030760 -0.048638
0.020765 -0.045348
0.023291 -0.041618
0.024279 -0.038543
0.029662 -0.043701
0.016482 -0.038982
0.034053 -0.040850
0.026915 -0.036240
0.029221 -0.031301
0.029440 -0.029986
0.027574 -0.033390
0.025378 -0.033390
0.038443 -0.028999
0.029662 -0.025265
0.015383 -0.025265
0.033282 -0.021421
0.031964 -0.022849
0.028342 -0.026693
0.027464 -0.030426
0.038443 -0.026693
0.038443 -0.026693
0.031746 -0.023178
0.033282 -0.020761
0.020876 -0.024605
0.019778 -0.025814
0.016482 -0.022300
0.028233 -0.018456
0.030209 -0.017029
0.030429 -0.013404
0.029330 -0.013843
0.017581 -0.016260
0.034270 -0.020433
0.029662 -0.022740
0.040637 -0.022740
0.027466 -0.021753
0.030978 -0.024717
0.031965 -0.023399
0.031965 -0.024169
0.026368 -0.026476
0.018679 -0.022961
0.032955 -0.019996
0.048314 -0.020435
0.035039 -0.023401
0.034820 -0.023401
0.050506 -0.025158
0.039540 -0.027465
0.032844 -0.028013
0.032844 -0.028013
0.034053 -0.028013
0.031198 -0.030648
0.048314 -0.028013
0.032295 -0.028013
0.027466 -0.030648
0.030978 -0.028013
0.030759 -0.027574
0.041734 -0.030538
0.028564 -0.033173
0.029331 -0.035477
0.026806 -0.037892
0.024171 -0.037124
0.028782 -0.036575
0.025269 -0.034161
0.028564 -0.035259
0.014285 -0.037673
0.025598 -0.039538
0.038443 -0.039538
0.026477 -0.039977
0.028564 -0.039977
0.013186 -0.039867
0.022963 -0.042390
0.022963 -0.044584
0.018679 -0.044584
0.022304 -0.044474
0.020766 -0.044474
0.019887 -0.044584
0.013186 -0.044474
0.017581 -0.042610
0.020107 -0.040855
0.023073 -0.039757
0.019887 -0.038222
0.026368 -0.039210
0.023073 -0.040417
0.019228 -0.038662
0.009890 -0.040417
0.019338 -0.042172
0.021974 -0.040417
0.019778 -0.041404
0.020327 -0.040087
0.017581 -0.038223
0.019778 -0.038771
0.019009 -0.040636
0.018679 -0.041952
0.025269 -0.043597
0.019558 -0.043597
0.018679 -0.041842
0.018679 -0.041842
0.017361 -0.043707
0.025269 -0.045461
0.014285 -0.045461
0.024171 -0.043707
0.018679 -0.043707
0.019118 -0.043707
0.018130 -0.043707
0.019778 -0.043707
0.014285 -0.045461
0.027466 -0.045900
0.018349 -0.045900
0.018899 -0.046339
0.024171 -0.048203
0.017361 -0.049847
0.016482 -0.051711
0.021974 -0.051382
0.017581 -0.051711
0.016372 -0.052696
0.015493 -0.050504
0.013845 -0.050943
0.012856 -0.049628
0.011098 -0.049628
0.012197 -0.049628
0.012417 -0.049628
0.015383 -0.048751
0.011098 -0.047325
0.011428 -0.047325
0.008791 -0.044912
0.009890 -0.047325
0.010219 -0.044912
0.011428 -0.042500
0.011428 -0.041403
0.011428 -0.043926
0.006593 -0.046557
0.008791 -0.043926
0.010219 -0.044365
0.010219 -0.044365
0.010219 -0.046887
0.008791 -0.044365
0.005494 -0.042499
0.008791 -0.043267
0.006044 -0.042829
0.006483 -0.042061
0.006264 -0.042061
0.005934 -0.041842
0.004835 -0.041952
0.003626 -0.040855
0.003626 -0.038441
0.003297 -0.038111
0.003846 -0.038550
0.003956 -0.040855
0.005824 -0.040855
0.005934 -0.040855
0.004176 -0.041293
0.002857 -0.041512
0.003297 -0.040195
0.003297 -0.040195
0.003956 -0.043487
0.006593 -0.043487
0.004505 -0.045351
0.004505 -0.046229
0.004505 -0.045351
0.004505 -0.043267
0.004505 -0.042281
0.005384 -0.044365
0.004835 -0.046010
0.006154 -0.046229
0.006154 -0.044255
0.006154 -0.046229
0.007692 -0.046229
0.009230 -0.046229
0.012087 -0.046229
0.005494 -0.046558
0.010989 -0.044584
0.010988 -0.045460
0.012417 -0.046996
0.013845 -0.046996
0.014614 -0.048422
0.015383 -0.051053
0.014944 -0.050834
0.015383 -0.052587
0.013955 -0.052587
0.012527 -0.054669
0.013955 -0.052587
0.015383 -0.050066
0.015163 -0.050066
0.016372 -0.048641
0.023073 -0.049517
0.008791 -0.049079
0.016811 -0.050174
0.020876 -0.049516
0.014285 -0.052256
0.020876 -0.052256
0.013406 -0.054229
0.013955 -0.051488
0.014285 -0.048858
0.013406 -0.051707
0.011648 -0.055213
0.011648 -0.055104
0.010109 -0.056639
0.008571 -0.058721
0.006923 -0.060911
0.007802 -0.060582
0.006044 -0.061896
0.004835 -0.061896
0.003846 -0.064523
0.003516 -0.064523
0.003516 -0.064523
0.003297 -0.064523
0.003736 -0.063098
0.003297 -0.063427
0.001648 -0.064632
0.002967 -0.063429
0.002967 -0.063429
0.002967 -0.064962
0.002967 -0.064962
0.002967 -0.064962
0.004286 -0.063101
0.002967 -0.064414
0.002198 -0.063977
0.004286 -0.063977
0.004945 -0.062006
0.003626 -0.062006
0.004396 -0.062006
0.003626 -0.062006
0.002308 -0.063977
0.002967 -0.062553
0.002747 -0.062225
0.003846 -0.060035
0.005055 -0.059925
0.005055 -0.058063
0.005384 -0.055762
0.005384 -0.057953
0.006483 -0.056090
0.006923 -0.056090
0.006703 -0.053790
0.006923 -0.053790
0.009890 -0.053571
0.007033 -0.051160
0.007582 -0.051160
0.008681 -0.048860
0.009560 -0.047325
0.007692 -0.047325
0.008791 -0.047325
0.008901 -0.045024
0.008351 -0.046120
0.007472 -0.046120
0.010989 -0.047544
0.004396 -0.045243
0.008351 -0.043598
0.010989 -0.042501
0.009230 -0.040855
0.012087 -0.040855
0.009890 -0.040855
0.015383 -0.039318
0.011208 -0.036685
0.010329 -0.035916
0.011208 -0.033831
0.016482 -0.031855
0.006593 -0.029001
0.013735 -0.025707
0.018679 -0.022302
0.010989 -0.021424
0.016482 -0.019996
0.019778 -0.018129
0.020876 -0.018129
0.015603 -0.019996
0.010989 -0.019447
0.014285 -0.021644
0.016372 -0.021644
0.015933 -0.023512
0.014944 -0.024280
0.020876 -0.022743
0.014504 -0.024500
0.014834 -0.025489
0.014834 -0.025489
0.021974 -0.023731
0.015054 -0.023731
0.015054 -0.024390
0.007692 -0.026147
0.014175 -0.026916
0.012966 -0.028783
0.015383 -0.028783
0.015383 -0.027245
0.010989 -0.027245
0.007692 -0.027355
0.014285 -0.028673
0.012087 -0.028673
0.012856 -0.030210
0.012307 -0.031747
0.012307 -0.033174
0.009890 -0.033174
0.008791 -0.032735
0.007692 -0.034272
0.017581 -0.035589
0.008791 -0.034052
0.012856 -0.034162
0.012637 -0.035918
0.014285 -0.037015
0.015383 -0.038881
0.011868 -0.040526
0.011868 -0.042501
0.012087 -0.043926
0.009890 -0.043926
0.010879 -0.044804
0.011648 -0.045352
0.010879 -0.045352
0.014285 -0.044694
0.012087 -0.044584
0.015383 -0.044584
0.009890 -0.044365
0.013186 -0.043597
0.012856 -0.043597
0.012307 -0.044804
0.006593 -0.046668
0.010988 -0.048532
0.011648 -0.048532
0.011648 -0.048532
0.010879 -0.050067
0.011538 -0.048312
0.011538 -0.046448
0.011538 -0.046448
0.011538 -0.046448
0.011648 -0.045900
0.012527 -0.045571
0.011977 -0.047654
0.012746 -0.045571
0.012087 -0.045023
0.010989 -0.045023
0.012856 -0.042939
0.012087 -0.042939
0.016482 -0.042939
0.013845 -0.043158
0.021974 -0.044365
0.014065 -0.043048
0.014065 -0.040854
0.014614 -0.040854
0.015383 -0.040086
0.013186 -0.040086
0.009890 -0.039427
0.014724 -0.039427
0.014724 -0.039427
0.014285 -0.040196
0.015273 -0.038330
0.010989 -0.037563
0.016372 -0.035039
0.015383 -0.036686
0.020876 -0.037782
0.010989 -0.035258
0.017580 -0.035258
0.016482 -0.035258
0.021974 -0.037782
0.014944 -0.039977
0.014504 -0.038660
0.015054 -0.038660
0.016042 -0.035806
0.017581 -0.035806
0.016592 -0.033063
0.008791 -0.030648
0.024171 -0.031416
0.013186 -0.029221
0.016482 -0.029221
0.019338 -0.027135
0.027466 -0.027135
0.010989 -0.028342
0.016482 -0.029769
0.018569 -0.029988
0.017580 -0.033061
0.018679 -0.033391
0.016482 -0.036573
0.016482 -0.033391
0.016482 -0.033391
0.017141 -0.031854
0.025269 -0.031854
0.012087 -0.029768
0.024171 -0.032950
0.026368 -0.030864
0.016482 -0.031412
0.017361 -0.034047
0.016811 -0.036132
0.017251 -0.039424
0.012087 -0.039643
0.016811 -0.039643
0.013186 -0.039643
0.018789 -0.039753
0.017910 -0.043373
0.018020 -0.043373
0.017690 -0.044471
0.017690 -0.044471
0.017690 -0.043812
0.018020 -0.046336
0.018130 -0.044032
0.018679 -0.045349
0.019778 -0.042498
0.016482 -0.039098
0.019008 -0.038769
0.018459 -0.039427
0.019668 -0.036684
0.025269 -0.037782
0.016482 -0.037782
0.017581 -0.040525
0.021974 -0.042719
0.026368 -0.042719
0.025269 -0.043268
0.015383 -0.045242
0.017690 -0.043268
0.025269 -0.043268
0.017141 -0.043268
0.017361 -0.042061
0.009890 -0.041513
0.019778 -0.039538
0.017361 -0.039538
0.020876 -0.037454
0.014285 -0.039538
0.014285 -0.041403
0.017581 -0.039758
0.016702 -0.039758
0.016262 -0.040197
0.016262 -0.040197
0.015713 -0.041513
0.015383 -0.039977
0.015603 -0.039977
0.015603 -0.038880
0.016482 -0.040416
0.019778 -0.040416
0.016372 -0.038551
0.016482 -0.038003
0.014285 -0.038003
0.016482 -0.039648
0.021974 -0.037783
0.015383 -0.037783
0.015383 -0.037783
0.015603 -0.039648
0.014285 -0.041073
0.016043 -0.039209
0.010989 -0.041074
0.015933 -0.042938
0.016482 -0.042938
0.015933 -0.044035
0.020876 -0.045790
0.015713 -0.047874
0.015713 -0.047874
0.015933 -0.048093
0.018679 -0.046448
0.016262 -0.046448
0.013186 -0.046338
0.015383 -0.046338
0.017580 -0.045680
0.013186 -0.045680
0.017581 -0.044253
0.015383 -0.043485
0.018569 -0.046447
0.025269 -0.047544
0.019118 -0.047106
0.023073 -0.047106
0.009890 -0.047106
0.020876 -0.049299
0.017251 -0.050396
0.017251 -0.049300
0.017800 -0.049300
0.019008 -0.047436
0.020326 -0.045571
0.024171 -0.043926
0.021645 -0.041513
0.021645 -0.043487
0.021315 -0.043487
0.021974 -0.040525
0.026368 -0.040306
0.034053 -0.039977
0.022963 -0.039977
0.022633 -0.037892
0.013186 -0.037892
0.021864 -0.039098
0.020216 -0.041841
0.021864 -0.039098
0.020216 -0.041841
0.018789 -0.043597
0.018789 -0.043597
0.019228 -0.045024
0.014285 -0.046669
0.017251 -0.047656
0.018679 -0.047656
0.023073 -0.047436
0.012087 -0.048751
0.019778 -0.048751
0.010989 -0.050286
0.014065 -0.050286
0.014724 -0.049628
0.015164 -0.050505
0.009890 -0.052697
0.014285 -0.054669
0.013845 -0.054669
0.013845 -0.056531
0.015383 -0.058284
0.019778 -0.056531
0.008791 -0.058064
0.010989 -0.058064
0.010989 -0.057736
0.013845 -0.057736
0.014504 -0.056530
0.008791 -0.056530
0.015603 -0.054229
0.015383 -0.054229
0.017361 -0.052806
0.017361 -0.052806
0.015383 -0.050614
0.024171 -0.052367
0.017031 -0.054668
0.017031 -0.055107
0.013186 -0.053791
0.017800 -0.052694
0.021974 -0.052913
0.017800 -0.054338
0.018679 -0.054338
0.018789 -0.054338
0.026368 -0.054338
0.020107 -0.051927
0.015383 -0.054776
0.028564 -0.054995
0.020107 -0.052804
0.021205 -0.050393
0.022523 -0.050393
0.024171 -0.048531
0.018679 -0.048531
0.021864 -0.050175
0.021864 -0.047763
0.020217 -0.048422
0.020876 -0.048202
0.017470 -0.048202
0.018129 -0.050614
0.018129 -0.050614
0.015383 -0.053244
0.014614 -0.053025
0.015493 -0.051928
0.015493 -0.052147
0.015493 -0.052147
0.012087 -0.052147
0.017250 -0.049517
0.017250 -0.048859
0.012087 -0.051489
0.010989 -0.052915
0.018239 -0.053571
0.019667 -0.052146
0.025269 -0.049077
0.019557 -0.050394
0.019557 -0.050394
0.018898 -0.051052
0.024171 -0.048860
0.025269 -0.049736
0.017251 -0.049956
0.015603 -0.049956
0.014504 -0.049956
0.015603 -0.051598
0.014285 -0.050722
0.014394 -0.048860
0.013845 -0.048860
0.015053 -0.050175
0.015163 -0.052586
0.019778 -0.055106
0.016372 -0.055653
0.018679 -0.055653
0.014834 -0.055653
0.014285 -0.056855
0.023073 -0.060249
0.016372 -0.062220
0.012087 -0.064519
0.016262 -0.064519
0.015273 -0.067693
0.010989 -0.069554
0.014394 -0.069554
0.014394 -0.072942
0.007692 -0.069225
0.013735 -0.072942
0.012527 -0.076330
0.012527 -0.076330
0.013735 -0.079059
0.012417 -0.079059
0.013845 -0.079059
0.012966 -0.075563
0.012966 -0.079059
0.012966 -0.081897
0.013186 -0.081897
0.010989 -0.080695
0.016482 -0.083533
0.011977 -0.083533
0.019778 -0.085934
0.013186 -0.088552
0.013405 -0.088552
0.011977 -0.086696
0.011977 -0.088986
0.011977 -0.088986
0.011977 -0.086148
0.010439 -0.084731
0.009340 -0.082653
0.009340 -0.081339
0.009340 -0.079040
0.007692 -0.073794
0.011318 -0.069201
0.011867 -0.066353
0.012197 -0.065808
0.012197 -0.061437
0.007692 -0.060779
0.009889 -0.060779
0.010878 -0.060561
0.005494 -0.061110
0.009670 -0.055749
0.009670 -0.061110
0.008791 -0.064605
0.008461 -0.064166
0.007692 -0.063294
0.008791 -0.062640
0.008791 -0.066247
0.009670 -0.066796
0.009560 -0.063299
0.009560 -0.065600
0.008351 -0.065600
0.005494 -0.061006
0.009120 -0.062869
0.007692 -0.065278
0.010439 -0.061450
0.010988 -0.063640
0.010988 -0.064736
0.005494 -0.063425
0.008791 -0.063425
0.015383 -0.064082
0.010988 -0.067473
0.010879 -0.067473
0.009890 -0.067473
0.008681 -0.067473
0.008681 -0.064411
0.008681 -0.064411
0.009890 -0.065834
0.010879 -0.062773
0.010879 -0.062007
0.010989 -0.062007
0.011098 -0.062007
0.011318 -0.060583
0.011867 -0.059051
0.009890 -0.059051
0.015383 -0.057079
0.014285 -0.056970
0.011538 -0.055108
0.011538 -0.054888
0.010549 -0.053573
0.011648 -0.051710
0.012527 -0.050725
0.012527 -0.052478
0.012527 -0.050725
0.016482 -0.049190
0.009890 -0.049848
0.007692 -0.048422
0.010989 -0.048422
0.014614 -0.048422
0.007692 -0.048422
0.013186 -0.046448
0.015054 -0.043706
0.019778 -0.042061
0.015713 -0.044804
0.018679 -0.042719
0.016042 -0.044035
0.020876 -0.046448
0.018679 -0.044035
0.013625 -0.041620
0.010989 -0.039207
0.012966 -0.038219
0.012746 -0.038219
0.019778 -0.035476
0.013296 -0.036134
0.013955 -0.039316
0.014724 -0.037121
0.014504 -0.037121
0.010989 -0.040522
0.014285 -0.038436
0.012087 -0.038436
0.013625 -0.042166
0.013625 -0.039533
0.014285 -0.035803
0.013186 -0.038656
0.015383 -0.040522
0.013625 -0.041070
0.016482 -0.043813
0.013406 -0.041949
0.014285 -0.040195
0.013735 -0.040744
0.013735 -0.043157
0.013735 -0.045132
0.016482 -0.044583
0.007692 -0.044254
0.012087 -0.046448
0.014834 -0.045022
0.023073 -0.044255
0.016043 -0.044694
0.010989 -0.046120
0.019778 -0.046120
0.023073 -0.046449
0.014285 -0.046559
0.014285 -0.046778
0.028564 -0.045901
0.021974 -0.045243
0.019778 -0.045792
0.017581 -0.045134
0.024171 -0.045134
0.021974 -0.045134
0.017581 -0.045134
0.026368 -0.044147
0.023073 -0.044366
0.021865 -0.044366
0.016482 -0.043379
0.024171 -0.043050
0.024171 -0.043050
0.028564 -0.042502
0.019778 -0.042502
0.021974 -0.042282
0.025269 -0.042282
0.021974 -0.042282
0.017581 -0.041514
0.029662 -0.042282
0.030760 -0.042282
0.021974 -0.041514
0.027466 -0.041185
0.023073 -0.041185
0.018679 -0.042173
0.013186 -0.041075
0.021974 -0.041075
0.021315 -0.041624
0.014285 -0.042501
0.021974 -0.041404
0.017581 -0.042062
0.021535 -0.040086
0.026368 -0.037891
0.020546 -0.038768
0.016482 -0.039097
0.020656 -0.043045
0.019887 -0.044690
0.015383 -0.047430
0.017581 -0.046443
0.018569 -0.046443
0.018240 -0.048308
0.025269 -0.050829
0.018569 -0.048966
0.018569 -0.052365
0.019118 -0.053681
0.026368 -0.056200
0.019778 -0.056200
0.014285 -0.054338
0.018679 -0.054338
0.026368 -0.051819
0.017581 -0.049079
0.015383 -0.051491
0.018020 -0.051600
0.013186 -0.051052
0.018349 -0.051052
0.012087 -0.053462
0.016592 -0.053462
0.015713 -0.053462
0.020876 -0.053462
0.017581 -0.053462
0.015713 -0.053023
0.015713 -0.053023
0.015713 -0.053023
0.013186 -0.053023
0.021974 -0.053023
0.015713 -0.053023
0.015383 -0.053023
0.021974 -0.053023
0.015713 -0.053023
0.015713 -0.053023
0.008791 -0.053023
0.015713 -0.053023
0.015713 -0.053023
0.015713 -0.053023
0.015713 -0.053023
