-0.017031 0.031857
-0.017031 0.044250
-0.017031 0.044250
-0.017031 0.044250
-0.017031 0.052698
-0.017031 0.034053
-0.017031 0.044250
-0.017031 0.036248
-0.017031 0.044250
-0.017031 0.044250
-0.017031 0.044250
-0.017031 0.041734
-0.017031 0.044250
-0.017031 0.044250
-0.017031 0.044250
-0.017031 0.044250
-0.016152 0.047211
-0.015493 0.057081
-0.014724 0.053794
-0.013955 0.046116
-0.013186 0.066933
-0.013516 0.031857
-0.012856 0.048637
-0.012966 0.049514
-0.012197 0.051817
-0.012966 0.036248
-0.013735 0.051817
-0.013735 0.050830
-0.014065 0.050830
-0.014065 0.050830
-0.014065 0.061461
-0.014724 0.053571
-0.015603 0.053571
-0.014724 0.055985
-0.014724 0.053237
-0.014724 0.056745
-0.015603 0.045024
-0.015603 0.045024
-0.014724 0.054890
-0.015054 0.059926
-0.015493 0.075679
-0.015493 0.057516
-0.014614 0.058941
-0.013845 0.058941
-0.014175 0.056750
-0.015164 0.059271
-0.016152 0.054887
-0.017031 0.054887
-0.017031 0.054887
-0.017031 0.066933
-0.017251 0.060366
-0.016262 0.069120
-0.016262 0.064745
-0.015383 0.061461
-0.015493 0.042831
-0.015164 0.055435
-0.015383 0.059271
-0.015273 0.032955
-0.015383 0.055106
-0.015383 0.055106
-0.015383 0.065839
-0.014614 0.080048
-0.013845 0.056532
-0.014175 0.057081
-0.014175 0.074587
-0.014504 0.073494
-0.013845 0.040637
-0.013186 0.055217
-0.013955 0.053794
-0.013735 0.054890
-0.014175 0.061461
-0.013406 0.058832
-0.013406 0.058175
-0.013625 0.060254
-0.013625 0.081140
-0.013625 0.059271
-0.012856 0.054890
-0.012307 0.061786
-0.012637 0.059707
-0.012966 0.052698
-0.013516 0.055985
-0.014285 0.056422
-0.014285 0.083323
-0.014834 0.059378
-0.015603 0.065839
-0.015383 0.083323
-0.014285 0.061127
-0.013186 0.074587
-0.013186 0.057733
-0.014394 0.060366
-0.014724 0.054557
-0.015603 0.051926
-0.015603 0.045024
-0.016262 0.042831
-0.017141 0.049516
-0.017251 0.046004
-0.018020 0.042831
-0.019009 0.042053
-0.018569 0.037337
-0.018569 0.035474
-0.017910 0.032732
-0.018130 0.032073
-0.019009 0.032955
-0.019778 0.028340
-0.019009 0.027681
-0.018020 0.027681
-0.019009 0.027681
-0.019009 0.027681
-0.019558 0.023947
-0.019338 0.017581
-0.019228 0.024827
-0.019118 0.024827
-0.019118 0.018679
-0.019448 0.023620
-0.019668 0.026368
-0.019668 0.038443
-0.019668 0.027024
-0.019668 0.030538
-0.019668 0.031635
-0.019118 0.043928
-0.019778 0.032404
-0.019118 0.035367
-0.019668 0.038440
-0.019778 0.035150
-0.019228 0.021974
-0.019228 0.043703
-0.019558 0.029662
-0.018679 0.039755
-0.018679 0.039755
-0.019558 0.039536
-0.019668 0.048314
-0.020217 0.042717
-0.019668 0.044583
-0.019778 0.064745
-0.020546 0.025269
-0.020546 0.046338
-0.019778 0.052698
-0.019778 0.064745
-0.019997 0.044254
-0.019887 0.055985
-0.019668 0.048640
-0.019338 0.046338
-0.020107 0.048640
-0.020327 0.039540
-0.019558 0.055985
-0.019558 0.040637
-0.019997 0.043928
-0.019997 0.035150
-0.019118 0.036248
-0.019118 0.054890
-0.018569 0.060366
-0.019118 0.043267
-0.019448 0.020876
-0.019009 0.037672
-0.019009 0.037672
-0.019778 0.027466
-0.019009 0.040744
-0.019118 0.042719
-0.019009 0.042831
-0.018459 0.032955
-0.018459 0.044035
-0.018130 0.045789
-0.017800 0.047433
-0.017800 0.053794
-0.017800 0.046115
-0.017800 0.045677
-0.018569 0.044143
-0.018569 0.023073
-0.017800 0.048859
-0.017361 0.063650
-0.017910 0.045132
-0.018899 0.047218
-0.018899 0.052698
-0.017910 0.030760
-0.017690 0.043156
-0.017580 0.045459
-0.016921 0.045459
-0.017471 0.047435
-0.017361 0.047435
-0.017141 0.050506
-0.017361 0.045024
-0.016262 0.042831
-0.015933 0.070214
-0.015383 0.050067
-0.015933 0.052698
-0.015933 0.048861
-0.016921 0.047656
-0.017031 0.047327
-0.017031 0.047546
-0.017031 0.055985
-0.017251 0.063650
-0.016811 0.042831
-0.016811 0.066933
-0.015823 0.049410
-0.015273 0.054890
-0.015273 0.057081
-0.015273 0.049410
-0.015273 0.058176
-0.015273 0.055985
-0.015273 0.043928
-0.015273 0.027466
-0.014724 0.043928
-0.014285 0.055985
-0.014285 0.054890
-0.014504 0.036248
-0.015054 0.065839
-0.014614 0.062556
-0.013516 0.059271
-0.013516 0.053794
-0.013955 0.038443
-0.014285 0.044583
-0.015493 0.044583
-0.016042 0.045240
-0.015493 0.042388
-0.015273 0.039540
-0.014614 0.036567
-0.013076 0.039748
-0.011648 0.029662
-0.012087 0.037880
-0.010769 0.030304
-0.009340 0.032934
-0.010549 0.032715
-0.011208 0.032715
-0.012417 0.033372
-0.013076 0.035123
-0.013405 0.034904
-0.012856 0.040286
-0.012856 0.037439
-0.012966 0.037439
-0.013625 0.037439
-0.013296 0.040616
-0.013296 0.041600
-0.012637 0.029748
-0.012637 0.031065
-0.011648 0.031065
-0.011648 0.060366
-0.011648 0.042261
-0.011648 0.071307
-0.011648 0.056632
-0.010329 0.036248
-0.009560 0.039540
-0.009560 0.042831
-0.009560 0.072401
-0.009230 0.053346
-0.008901 0.071307
-0.008901 0.052470
-0.009670 0.050610
-0.010549 0.042831
-0.011318 0.072401
-0.012527 0.064745
-0.012527 0.048857
-0.012087 0.049951
-0.013076 0.049951
-0.011867 0.049951
-0.010659 0.049951
-0.010879 0.038443
-0.011428 0.054334
-0.012746 0.052139
-0.012746 0.062556
-0.012197 0.052139
-0.011208 0.052698
-0.012526 0.046437
-0.012966 0.073494
-0.013406 0.053015
-0.014284 0.048314
-0.013406 0.074587
-0.014614 0.050060
-0.015713 0.045896
-0.015932 0.044910
-0.017361 0.047218
-0.017910 0.050724
-0.018349 0.050065
-0.018020 0.048970
-0.018020 0.049958
-0.018020 0.049958
-0.018020 0.053134
-0.018569 0.049410
-0.018679 0.052037
-0.018679 0.052698
-0.018569 0.054890
-0.018569 0.058496
-0.019008 0.031857
-0.018789 0.052698
-0.018789 0.048314
-0.019338 0.051272
-0.019338 0.053900
-0.018459 0.051603
-0.017690 0.041734
-0.017690 0.056310
-0.017690 0.081140
-0.018899 0.056310
-0.018459 0.056310
-0.018459 0.057844
-0.019338 0.056969
-0.019009 0.074587
-0.019009 0.082232
-0.018020 0.050506
-0.017471 0.063650
-0.018349 0.058502
-0.017581 0.073494
-0.017471 0.057078
-0.017471 0.059488
-0.018130 0.065839
-0.019009 0.058282
-0.019887 0.039540
-0.019448 0.058282
-0.019228 0.064745
-0.019118 0.064745
-0.018130 0.065839
-0.017141 0.054890
-0.018130 0.054890
-0.017800 0.059379
-0.016702 0.060912
-0.016152 0.061897
-0.016482 0.058176
-0.016482 0.082232
-0.016811 0.059489
-0.018020 0.059489
-0.019228 0.074587
-0.019887 0.053900
-0.018679 0.056420
-0.018569 0.053794
-0.018569 0.053680
-0.017470 0.049952
-0.018569 0.062556
-0.018569 0.046771
-0.019338 0.047538
-0.019997 0.049513
-0.019777 0.060366
-0.019558 0.049513
-0.019997 0.054890
-0.018459 0.046881
-0.016921 0.047979
-0.015383 0.035150
-0.013955 0.053126
-0.015383 0.053126
-0.015383 0.037345
-0.015053 0.055096
-0.016152 0.053675
-0.015603 0.061461
-0.013955 0.061551
-0.014614 0.043928
-0.016042 0.057616
-0.016701 0.057071
-0.016592 0.031857
-0.016592 0.059476
-0.017470 0.038443
-0.017470 0.063301
-0.016042 0.065274
-0.016262 0.069216
-0.016262 0.069216
-0.015932 0.073494
-0.016372 0.069120
-0.016482 0.104019
-0.016482 0.078180
-0.016482 0.053794
-0.015163 0.097492
-0.014285 0.077864
-0.014175 0.038443
-0.014614 0.101844
-0.014614 0.105106
-0.014614 0.071843
-0.014614 0.058176
-0.014614 0.077864
-0.015383 0.064844
-0.014944 0.088777
-0.015603 0.057182
-0.015603 0.054226
-0.015713 0.051816
-0.016592 0.051603
-0.016702 0.046559
-0.017580 0.051603
-0.016702 0.041734
-0.016372 0.045024
-0.015493 0.051603
-0.015493 0.031857
-0.014724 0.040637
-0.014395 0.046778
-0.015054 0.025269
-0.015054 0.042831
-0.015054 0.032955
-0.015164 0.043928
-0.015383 0.045024
-0.015383 0.042500
-0.014724 0.042831
-0.015054 0.042500
-0.015713 0.040526
-0.016372 0.037892
-0.015823 0.038879
-0.016372 0.038879
-0.015713 0.039318
-0.015713 0.055985
-0.016262 0.041511
-0.016262 0.045020
-0.015823 0.031857
-0.015713 0.047868
-0.015713 0.046989
-0.015054 0.049837
-0.015054 0.049727
-0.015054 0.053018
-0.015713 0.055319
-0.015164 0.059154
-0.015933 0.055100
-0.015933 0.052801
-0.015933 0.058176
-0.015933 0.060366
-0.016592 0.036248
-0.017141 0.048527
-0.017141 0.044361
-0.017141 0.024171
-0.017251 0.045787
-0.017031 0.044582
-0.016921 0.043928
-0.016921 0.057081
-0.017800 0.065839
-0.017580 0.044802
-0.016921 0.024171
-0.016372 0.048314
-0.016702 0.049956
-0.017031 0.048314
-0.017031 0.044802
-0.017031 0.035150
-0.017471 0.023073
-0.017471 0.045899
-0.017471 0.046121
-0.018349 0.048314
-0.017580 0.048751
-0.018679 0.062556
-0.018130 0.028564
-0.017470 0.055985
-0.017580 0.042937
-0.018569 0.063650
-0.017470 0.057081
-0.018569 0.044033
-0.019777 0.042169
-0.019777 0.047218
-0.019777 0.043046
-0.019997 0.041948
-0.018679 0.042497
-0.018130 0.042497
-0.018020 0.043593
-0.019118 0.041179
-0.019997 0.037778
-0.020656 0.047218
-0.020327 0.039205
-0.020327 0.057081
-0.020327 0.039315
-0.019997 0.026368
-0.020986 0.038443
-0.019667 0.036683
-0.019448 0.024171
-0.019667 0.019778
-0.018239 0.029662
-0.018239 0.037559
-0.018899 0.037559
-0.017690 0.023073
-0.017360 0.037559
-0.015383 0.051603
-0.015822 0.048314
-0.016592 0.039314
-0.016592 0.035914
-0.015713 0.035914
-0.016811 0.035914
-0.016592 0.030760
-0.016482 0.039533
-0.016482 0.039424
-0.015713 0.041399
-0.014724 0.055985
-0.014724 0.044251
-0.013625 0.048418
-0.013735 0.045786
-0.012966 0.030760
-0.012966 0.052474
-0.012746 0.053350
-0.011538 0.051595
-0.011538 0.065839
-0.011538 0.049952
-0.011538 0.064745
-0.010219 0.042831
-0.010879 0.057081
-0.011758 0.043928
-0.011538 0.053460
-0.012637 0.053460
-0.013406 0.051925
-0.012637 0.031857
-0.012637 0.062556
-0.012637 0.048417
-0.012637 0.060366
-0.011868 0.051706
-0.012197 0.070214
-0.010988 0.049410
-0.010000 0.055871
-0.008461 0.055871
-0.008461 0.053460
-0.007143 0.071307
-0.008461 0.030760
-0.007582 0.057293
-0.006703 0.040637
-0.006923 0.055213
-0.008461 0.054776
-0.007582 0.030760
-0.007692 0.055651
-0.007252 0.063650
-0.007252 0.053569
-0.008461 0.053569
-0.009999 0.043928
-0.011538 0.051815
-0.012197 0.048636
-0.012197 0.048636
-0.012197 0.045024
-0.011538 0.065839
-0.012197 0.050506
-0.011867 0.048860
-0.011867 0.065839
-0.013076 0.048860
-0.014175 0.041734
-0.014614 0.069120
-0.014614 0.036248
-0.015273 0.034053
-0.015273 0.064745
-0.015273 0.034053
-0.015713 0.029662
-0.016262 0.046669
-0.016372 0.050506
-0.016372 0.046121
-0.016262 0.047218
-0.016372 0.059271
-0.016592 0.040637
-0.016592 0.039540
-0.016152 0.050506
-0.016152 0.053794
-0.016152 0.062556
-0.016262 0.049410
-0.016152 0.045024
-0.015713 0.050506
-0.015274 0.050506
-0.014724 0.037345
-0.015274 0.060366
-0.015274 0.059271
-0.015274 0.052698
-0.015274 0.054890
-0.014724 0.047218
-0.015274 0.053465
-0.014724 0.053465
-0.014065 0.054560
-0.014065 0.054451
-0.013735 0.055327
-0.013735 0.062556
-0.013625 0.068027
-0.013625 0.052698
-0.014175 0.058612
-0.013845 0.060583
-0.013186 0.060583
-0.013186 0.062114
-0.012637 0.064192
-0.011758 0.064849
-0.011648 0.060366
-0.010769 0.063644
-0.010879 0.075679
-0.010549 0.057403
-0.011648 0.064745
-0.012746 0.051815
-0.013076 0.070214
-0.012856 0.047428
-0.013076 0.045236
-0.013406 0.046222
-0.013845 0.050828
-0.013406 0.048198
-0.014285 0.046884
-0.013735 0.059271
-0.013735 0.042831
-0.013955 0.032955
-0.013955 0.060366
-0.014504 0.031857
-0.014504 0.050506
-0.013845 0.049626
-0.013955 0.047215
-0.014614 0.045571
-0.014834 0.042831
-0.014944 0.062556
-0.014285 0.045571
-0.014944 0.038443
-0.015603 0.049410
-0.014944 0.048314
-0.014944 0.036248
-0.014944 0.040637
-0.015493 0.044475
-0.015493 0.069120
-0.014724 0.039540
-0.014834 0.045243
-0.014834 0.038443
-0.014395 0.043928
-0.013625 0.069120
-0.013625 0.044036
-0.013955 0.046009
-0.013955 0.043598
-0.014175 0.043598
-0.013625 0.045023
-0.013625 0.028564
-0.013516 0.042830
-0.013406 0.052698
-0.014065 0.047323
-0.012966 0.044145
-0.013186 0.046121
-0.013186 0.038443
-0.013296 0.038443
-0.012856 0.043048
-0.011648 0.025269
-0.010549 0.043048
-0.009670 0.037345
-0.010549 0.052698
-0.010109 0.045242
-0.009340 0.025269
-0.010109 0.023073
-0.010000 0.053794
-0.010000 0.046996
-0.009780 0.036248
-0.010439 0.045351
-0.010659 0.030760
-0.010109 0.048202
-0.009560 0.055985
-0.008791 0.053794
-0.009560 0.043928
-0.010439 0.052698
-0.009670 0.054890
-0.009670 0.062556
-0.009670 0.062556
-0.010549 0.052588
-0.010549 0.064745
-0.010000 0.065839
-0.010329 0.054670
-0.009890 0.054670
-0.009890 0.054670
-0.009011 0.061461
-0.009670 0.054890
-0.010329 0.076772
-0.011208 0.055985
-0.011538 0.045024
-0.012197 0.060366
-0.012197 0.054890
-0.012307 0.043928
-0.012966 0.058176
-0.013845 0.038443
-0.013076 0.064745
-0.013076 0.072401
-0.013186 0.076772
-0.012966 0.039540
-0.013186 0.048314
-0.013186 0.061461
-0.014175 0.060366
-0.014834 0.057081
-0.015823 0.032955
-0.014834 0.069120
-0.014834 0.060366
-0.014834 0.048314
-0.015823 0.049410
-0.016042 0.053794
-0.016262 0.074587
-0.016042 0.052039
-0.017031 0.060366
-0.018130 0.050506
-0.018459 0.047215
-0.018459 0.049298
-0.018459 0.050503
-0.019009 0.050503
-0.019009 0.047323
-0.018240 0.045898
-0.018240 0.046995
-0.017581 0.046995
-0.017581 0.046995
-0.017581 0.039540
-0.017251 0.040739
-0.016812 0.052698
-0.017141 0.040848
-0.017581 0.045017
-0.017690 0.043045
-0.017690 0.063650
-0.017361 0.066933
-0.017910 0.046555
-0.017910 0.028564
-0.017800 0.042831
-0.017361 0.043928
-0.017581 0.046555
-0.017141 0.063650
-0.017141 0.044583
-0.017141 0.047434
-0.017141 0.047325
-0.016812 0.054890
-0.016702 0.059271
-0.016592 0.040637
-0.016262 0.048420
-0.016372 0.039540
-0.016702 0.046557
-0.017031 0.044913
-0.016702 0.043708
-0.017031 0.045462
-0.017361 0.045023
-0.017361 0.046338
-0.017581 0.043928
-0.017910 0.057081
-0.017910 0.038443
-0.017910 0.047764
-0.018240 0.047764
-0.018569 0.046119
-0.018569 0.037345
-0.018899 0.047654
-0.019448 0.045024
-0.019448 0.042831
-0.018899 0.045024
-0.018899 0.055985
-0.019338 0.047435
-0.019338 0.047435
-0.019338 0.053794
-0.020107 0.057081
-0.020327 0.046557
-0.020986 0.055985
-0.020107 0.046008
-0.020107 0.046008
-0.020107 0.055985
-0.020986 0.046008
-0.020986 0.045569
-0.021535 0.043925
-0.022523 0.035150
-0.022853 0.046446
-0.023182 0.044470
-0.023182 0.040410
-0.022413 0.045346
-0.023512 0.032955
-0.024830 0.036129
-0.024720 0.032955
-0.023292 0.043146
-0.023292 0.042708
-0.022084 0.036128
-0.022084 0.036128
-0.022414 0.025269
-0.021754 0.039540
-0.021535 0.030532
-0.021535 0.030532
-0.021974 0.025478
-0.020546 0.033491
-0.019338 0.033491
-0.020656 0.031623
-0.021205 0.029651
-0.019997 0.032830
-0.019008 0.039301
-0.017470 0.051603
-0.017470 0.043683
-0.018020 0.043574
-0.018020 0.058176
-0.017471 0.049713
-0.017471 0.071307
-0.017031 0.055082
-0.015823 0.051249
-0.015054 0.049499
-0.014724 0.058275
-0.014834 0.058275
-0.015823 0.045024
-0.015823 0.053779
-0.015823 0.053779
-0.017031 0.076772
-0.018130 0.051701
-0.019118 0.075679
-0.019668 0.050934
-0.019668 0.050934
-0.019997 0.046435
-0.020217 0.041734
-0.020546 0.038443
-0.021535 0.059271
-0.022084 0.047092
-0.022304 0.047092
-0.022304 0.042051
-0.021645 0.044247
-0.022413 0.045124
-0.022743 0.041946
-0.023841 0.037119
-0.023841 0.043928
-0.024940 0.033060
-0.025049 0.031964
-0.025049 0.031964
-0.025928 0.028890
-0.026038 0.015383
-0.027026 0.025925
-0.027026 0.026473
-0.027026 0.026473
-0.027026 0.025269
-0.026258 0.037345
-0.026258 0.027461
-0.025379 0.036248
-0.025269 0.032402
-0.026038 0.028889
-0.025818 0.018679
-0.025379 0.024826
-0.025269 0.028889
-0.025269 0.028889
-0.025269 0.047218
-0.025269 0.031195
-0.025049 0.030866
-0.025598 0.030866
-0.026038 0.030866
-0.026038 0.039540
-0.026697 0.033061
-0.026697 0.034158
-0.025599 0.017581
-0.026038 0.032841
-0.025379 0.036464
-0.025379 0.043928
-0.024391 0.039756
-0.024391 0.040743
-0.024391 0.054890
-0.024061 0.035150
-0.024830 0.041840
-0.024061 0.045460
-0.024061 0.052698
-0.024940 0.043593
-0.024940 0.041291
-0.024940 0.042387
-0.024171 0.034053
-0.024500 0.037345
-0.023951 0.047214
-0.023402 0.048311
-0.023842 0.059271
-0.022853 0.049298
-0.021974 0.057081
-0.021205 0.047764
-0.020217 0.048202
-0.019887 0.049847
-0.019009 0.065839
-0.018899 0.050505
-0.017910 0.035150
-0.018679 0.050506
-0.018679 0.060366
-0.018899 0.046121
-0.019887 0.072401
-0.018899 0.046121
-0.018349 0.053135
-0.018569 0.053794
-0.018899 0.043928
-0.019448 0.051600
-0.019448 0.070214
-0.019448 0.051603
-0.019009 0.043928
-0.019228 0.042831
-0.019228 0.062556
-0.018569 0.070214
-0.018569 0.049738
-0.019009 0.050724
-0.019668 0.050943
-0.019009 0.051162
-0.019668 0.063650
-0.019118 0.051162
-0.019118 0.053134
-0.019118 0.053682
-0.019009 0.038443
-0.019009 0.054890
-0.019668 0.047218
-0.019668 0.052805
-0.020437 0.031857
-0.020107 0.077864
-0.020107 0.059271
-0.020107 0.054445
-0.019778 0.054445
-0.019778 0.048314
-0.019338 0.046121
-0.019997 0.053024
-0.019997 0.051709
-0.020876 0.059271
-0.020876 0.053573
-0.020437 0.051053
-0.020876 0.053573
-0.019997 0.055871
-0.019778 0.060463
-0.019778 0.049410
-0.020766 0.060463
-0.021864 0.058822
-0.021315 0.056630
-0.020656 0.053134
-0.019777 0.063650
-0.019777 0.051708
-0.018459 0.050506
-0.019008 0.043917
-0.018130 0.057081
-0.019228 0.037345
-0.019228 0.038209
-0.019228 0.045124
-0.018569 0.041835
-0.018569 0.034053
-0.017910 0.041835
-0.017361 0.061461
-0.018020 0.042930
-0.018020 0.058176
-0.017471 0.040628
-0.017471 0.045346
-0.017800 0.041617
-0.017800 0.025269
-0.018459 0.037995
-0.017690 0.037995
-0.017031 0.038433
-0.017361 0.038543
-0.016482 0.030760
-0.017471 0.032616
-0.018349 0.029326
-0.018240 0.031300
-0.018020 0.036131
-0.017031 0.038443
-0.018020 0.040739
-0.018020 0.041177
-0.018899 0.024171
-0.018899 0.041397
-0.020107 0.041397
-0.020656 0.041287
-0.020107 0.040192
-0.019118 0.038443
-0.019118 0.044030
-0.019118 0.040192
-0.019448 0.027466
-0.020766 0.053794
-0.021096 0.050506
-0.022194 0.039205
-0.022963 0.039205
-0.022084 0.040740
-0.023402 0.026368
-0.023402 0.040302
-0.023292 0.040851
-0.022633 0.040851
-0.022633 0.051603
-0.024061 0.040851
-0.024171 0.023073
-0.024610 0.039205
-0.024610 0.025269
-0.023841 0.041619
-0.023292 0.057081
-0.024061 0.055985
-0.025488 0.038656
-0.025488 0.053794
-0.024829 0.038656
-0.024829 0.051603
-0.023182 0.029662
-0.023182 0.040522
-0.022633 0.043594
-0.021315 0.053794
-0.021864 0.030760
-0.021864 0.045024
-0.022304 0.049410
-0.022304 0.068027
-0.022194 0.066933
-0.021205 0.052696
-0.022194 0.052258
-0.021205 0.051381
-0.021205 0.051381
-0.021205 0.070214
-0.021205 0.045024
-0.022194 0.069120
-0.022414 0.071307
-0.022414 0.049410
-0.021205 0.072401
-0.020546 0.046121
-0.020327 0.070214
-0.020217 0.047218
-0.020217 0.027466
-0.019887 0.051053
-0.019228 0.052698
-0.019228 0.047218
-0.018789 0.041734
-0.018679 0.052698
-0.019448 0.031857
-0.019668 0.043928
-0.020437 0.055985
-0.021425 0.054890
-0.020656 0.065839
-0.020656 0.039540
-0.020327 0.047218
-0.020327 0.040637
-0.019997 0.061461
-0.020107 0.065839
-0.021095 0.039540
-0.021095 0.047984
-0.019668 0.048203
-0.021095 0.047436
-0.019668 0.048861
-0.020876 0.047545
-0.019338 0.072401
-0.019338 0.057081
-0.019338 0.050506
-0.021205 0.046229
-0.021205 0.052698
-0.021205 0.062556
-0.023511 0.043815
-0.022852 0.050506
-0.025158 0.024171
-0.027134 0.035690
-0.027134 0.034592
-0.027134 0.037779
-0.029110 0.035145
-0.031526 0.035145
-0.030318 0.051603
-0.030757 0.051603
-0.028451 0.032951
-0.025706 0.038443
-0.025706 0.038443
-0.025706 0.031525
-0.025706 0.031525
-0.025706 0.031525
-0.027243 0.034379
-0.029220 0.026368
-0.026474 0.028564
-0.026474 0.035258
-0.026474 0.025269
-0.023839 0.037891
-0.023619 0.037891
-0.020654 0.040415
-0.023070 0.029662
-0.020215 0.055985
-0.018348 0.036248
-0.015712 0.050506
-0.015053 0.053794
-0.015273 0.065839
-0.012856 0.046121
-0.012856 0.032955
-0.011428 0.050504
-0.010549 0.052916
-0.010549 0.052916
-0.010549 0.052916
-0.010549 0.070214
-0.010000 0.052916
-0.010219 0.049410
-0.009780 0.050066
-0.009780 0.065839
-0.009230 0.052698
-0.009340 0.056202
-0.009340 0.052698
-0.009780 0.042831
-0.009780 0.064745
-0.009780 0.057515
-0.009011 0.060366
-0.008351 0.060472
-0.008022 0.057515
-0.008901 0.054667
-0.009340 0.054667
-0.010219 0.036248
-0.011098 0.053133
-0.011098 0.072401
-0.011867 0.048968
-0.011098 0.048968
-0.010988 0.050506
-0.010769 0.065839
-0.010329 0.050282
-0.011318 0.037345
-0.012307 0.050721
-0.013186 0.048530
-0.013186 0.041734
-0.013186 0.030760
-0.013186 0.053571
-0.012307 0.074587
-0.013076 0.050506
-0.013296 0.054997
-0.013845 0.054997
-0.013296 0.054668
-0.014175 0.052698
-0.014834 0.050177
-0.015273 0.069120
-0.014504 0.060366
-0.015273 0.051603
-0.014834 0.043928
-0.014834 0.049410
-0.015713 0.047765
-0.016152 0.049190
-0.015383 0.049410
-0.016152 0.050506
-0.016152 0.025269
-0.016152 0.042831
-0.016152 0.065839
-0.015493 0.030760
-0.015493 0.029662
-0.016262 0.077864
-0.016262 0.039540
-0.016592 0.040637
-0.016152 0.045024
-0.016152 0.048642
-0.016482 0.058176
-0.016482 0.055985
-0.017251 0.052698
-0.016812 0.058176
-0.017471 0.049519
-0.017031 0.048532
-0.017031 0.047218
-0.017141 0.049410
-0.017141 0.064745
-0.017580 0.049738
-0.017141 0.027466
-0.017031 0.068027
-0.017471 0.042831
-0.016702 0.052807
-0.017910 0.052807
-0.017910 0.051053
-0.016702 0.050506
-0.016372 0.073494
-0.016372 0.052367
-0.015054 0.032955
-0.014614 0.060366
-0.014944 0.030760
-0.013955 0.046121
-0.013955 0.049410
-0.013955 0.045350
-0.013296 0.066933
-0.013296 0.047434
-0.013406 0.068027
-0.014285 0.046556
-0.013406 0.030760
-0.013406 0.065839
-0.013076 0.054890
-0.013076 0.041841
-0.012307 0.025269
-0.011977 0.040744
-0.011648 0.042828
-0.011098 0.038443
-0.010329 0.043928
-0.010329 0.034053
-0.010109 0.045131
-0.010329 0.053794
-0.010329 0.066933
-0.010329 0.034053
-0.010329 0.027466
-0.009560 0.048531
-0.010439 0.050942
-0.011538 0.027466
-0.011318 0.052698
-0.011208 0.045024
-0.011758 0.069120
-0.010879 0.064745
-0.010219 0.038443
-0.010769 0.065839
-0.010769 0.055985
-0.011758 0.062556
-0.012746 0.059271
-0.013296 0.042831
-0.013076 0.046230
-0.013076 0.047874
-0.013296 0.068027
-0.013296 0.042831
-0.013296 0.040637
-0.013186 0.050286
-0.013186 0.035150
-0.013625 0.050724
-0.014504 0.050506
-0.014724 0.050506
-0.015383 0.054890
-0.015383 0.036248
-0.015054 0.037345
-0.015054 0.052698
-0.015164 0.046121
-0.014395 0.060366
-0.015054 0.041734
-0.015823 0.051603
-0.015933 0.040965
-0.015933 0.041732
-0.016812 0.040635
-0.017800 0.040635
-0.018789 0.042280
-0.019668 0.047218
-0.020546 0.031857
-0.020546 0.037339
-0.020546 0.029662
-0.019668 0.037009
-0.020437 0.039311
-0.021315 0.033272
-0.021425 0.034916
-0.021096 0.031736
-0.021096 0.035021
-0.020986 0.034363
-0.020986 0.040512
-0.020986 0.040512
-0.020986 0.045124
-0.020876 0.038435
-0.020766 0.038435
-0.021315 0.039421
-0.021096 0.042053
-0.022084 0.032955
-0.022084 0.046108
-0.022853 0.046108
-0.022084 0.042709
-0.022963 0.028564
-0.022963 0.045125
-0.022304 0.045024
-0.021425 0.053794
-0.020766 0.043703
-0.019887 0.045024
-0.019887 0.046445
-0.019887 0.046445
-0.019887 0.057081
-0.019887 0.058176
-0.019887 0.046445
-0.019887 0.046445
-0.019887 0.046445
-0.019887 0.028564
-0.019887 0.046445
-0.019887 0.031857
-0.019887 0.046445
-0.019887 0.027466
-0.019887 0.055985
-0.019887 0.055985
