-0.002198 0.025267
-0.002198 0.025267
-0.002198 0.025267
-0.002198 0.025267
-0.002198 0.025267
-0.002198 0.028564
-0.002198 0.028564
-0.002198 0.025267
-0.002198 0.025267
-0.002198 0.025269
-0.002198 0.025267
-0.002198 0.025267
-0.002198 0.025269
-0.002198 0.025267
-0.002198 0.025267
-0.002198 0.025267
-0.002198 0.025267
-0.001538 0.022192
-0.002527 0.025267
-0.002527 0.025267
-0.001868 0.015383
-0.001538 0.026368
-0.000220 0.022848
0.000220 0.025594
0.001319 0.025594
0.001319 0.028227
0.000000 0.029545
0.000879 0.029545
0.000879 0.032398
0.002527 0.031960
0.002527 0.027898
0.001429 0.027898
0.000220 0.026032
0.001978 0.030313
0.003626 0.029765
0.004066 0.029765
0.002527 0.029325
0.002198 0.038443
0.003407 0.027130
0.003407 0.022189
0.003626 0.024171
0.002418 0.016919
0.002418 0.018017
0.002418 0.015491
0.002418 0.018127
0.002418 0.013953
0.000659 0.023073
-0.000000 0.018127
0.000769 0.013953
0.001758 0.010989
0.001758 0.006483
0.002637 0.009889
0.002637 0.017581
0.001758 0.009010
0.001538 0.009010
0.003077 0.005494
0.004396 0.005054
0.003516 0.006922
0.002747 0.006922
0.001758 0.006922
0.001758 0.006922
0.001758 0.009340
0.002747 0.006153
0.002747 0.006153
0.001758 0.006153
0.000549 0.007252
0.000549 0.010877
0.000549 0.010877
-0.000769 0.011646
-0.000769 0.013954
-0.000879 0.010438
-0.000440 0.018679
-0.000440 0.014723
-0.001429 0.015711
-0.001429 0.015711
-0.000440 0.014285
0.000769 0.015711
0.001429 0.025269
0.000879 0.022962
0.000549 0.022962
0.000549 0.022962
0.000549 0.022303
-0.000659 0.019887
0.000549 0.013186
-0.000440 0.019887
-0.001758 0.021095
-0.001758 0.022413
-0.001648 0.021974
-0.002637 0.021095
-0.001209 0.021095
-0.002637 0.030760
-0.001868 0.031857
-0.002198 0.022083
-0.003407 0.020106
-0.003187 0.017469
-0.002308 0.018679
-0.002198 0.016371
-0.002198 0.016371
-0.001758 0.014614
-0.001758 0.019778
-0.000879 0.016042
-0.001099 0.013845
0.000110 0.013845
0.001319 0.014394
0.001319 0.011977
0.000110 0.011977
-0.000549 0.011977
-0.001648 0.009889
-0.000330 0.008131
-0.001099 0.009010
-0.002418 0.008681
-0.003516 0.006923
-0.002637 0.006483
-0.002637 0.005494
-0.001538 0.008351
-0.000110 0.008680
-0.001538 0.008680
-0.002527 0.006483
-0.000989 0.008461
-0.002418 0.006263
-0.001429 0.004066
-0.001429 0.004835
-0.000989 0.007032
0.000549 0.009010
0.001099 0.009999
0.001978 0.010548
0.002198 0.008351
0.002088 0.008351
0.002747 0.007472
0.001209 0.006922
0.000549 0.005384
0.000330 0.006923
-0.000879 0.006923
-0.000879 0.006923
-0.000879 0.009010
0.000220 0.009890
0.001209 0.011208
0.001978 0.013625
0.001978 0.010989
0.001978 0.018787
0.002198 0.018787
0.003297 0.019446
0.004396 0.020874
0.001538 0.020655
-0.000110 0.020764
-0.001319 0.015383
-0.001319 0.019117
-0.000110 0.021974
-0.001319 0.020215
-0.001429 0.020215
-0.002527 0.020215
-0.003407 0.020545
-0.004505 0.018239
-0.004505 0.015932
-0.005494 0.018349
-0.005494 0.009890
-0.005494 0.021974
-0.005494 0.020876
-0.005824 0.017690
-0.005055 0.018349
-0.006044 0.018349
-0.005385 0.019778
-0.004945 0.018020
-0.005385 0.019337
-0.005385 0.017361
-0.005385 0.013186
-0.005385 0.013186
-0.005385 0.012087
-0.006154 0.016372
-0.006154 0.015273
-0.005824 0.015273
-0.005824 0.020876
-0.006703 0.017581
-0.006154 0.018679
-0.005165 0.015163
-0.005165 0.014944
-0.004176 0.012087
-0.004396 0.015273
-0.004396 0.015383
-0.003297 0.014944
-0.002418 0.016262
-0.002308 0.015273
-0.001978 0.014174
-0.001978 0.015712
-0.001868 0.013075
-0.001868 0.013075
-0.001868 0.015712
-0.002637 0.013734
-0.002967 0.012636
-0.002747 0.011427
-0.001978 0.012306
-0.001648 0.012306
-0.001648 0.011207
-0.001758 0.009670
-0.003077 0.008241
-0.003077 0.009450
-0.003077 0.009450
-0.004066 0.008022
-0.002747 0.008022
-0.002088 0.009230
-0.001319 0.010659
-0.001429 0.009340
-0.001429 0.006593
-0.001429 0.006593
-0.001978 0.009890
-0.001099 0.007912
-0.001099 0.007912
-0.000989 0.007912
-0.000220 0.009450
-0.000659 0.013186
-0.000659 0.009450
0.000110 0.008791
-0.000110 0.014504
-0.000549 0.015383
-0.000549 0.016482
-0.001319 0.013954
-0.001319 0.013954
-0.000440 0.016151
0.000330 0.018568
0.000659 0.018568
0.000440 0.019886
0.000330 0.017690
0.000659 0.017690
0.000659 0.017250
0.001099 0.018678
0.000769 0.018129
0.000330 0.017799
0.000330 0.017909
0.000000 0.023073
-0.000110 0.015602
-0.000330 0.015822
-0.000549 0.015822
-0.000549 0.016262
-0.000879 0.008791
-0.000879 0.023073
-0.000879 0.017580
-0.001429 0.016372
-0.001868 0.007692
-0.001868 0.013406
-0.002198 0.011758
-0.002198 0.011758
-0.002198 0.009890
-0.001978 0.014285
-0.001868 0.010659
-0.001868 0.010109
-0.001868 0.005494
-0.002308 0.009890
-0.002857 0.008571
-0.002857 0.008571
-0.003297 0.009121
-0.003297 0.008242
-0.003297 0.009121
-0.003846 0.010000
-0.004066 0.010109
-0.004835 0.009121
-0.004835 0.007692
-0.004835 0.009121
-0.004835 0.008571
-0.004835 0.009890
-0.005494 0.006923
-0.005824 0.007692
-0.005604 0.007802
-0.004945 0.008351
-0.004725 0.006593
-0.004505 0.004396
-0.004505 0.007142
-0.003626 0.008351
-0.002967 0.008791
-0.002967 0.011317
-0.002747 0.014393
-0.002747 0.014283
-0.003297 0.016371
-0.002857 0.017140
-0.002857 0.015163
-0.001978 0.017030
-0.001099 0.016591
-0.000879 0.016261
-0.000879 0.016261
-0.000879 0.016261
-0.000879 0.013624
-0.000879 0.015931
-0.001099 0.015052
-0.000220 0.015052
0.000769 0.014723
0.002198 0.017359
0.000549 0.015712
0.001099 0.012087
0.001099 0.017690
0.001099 0.019557
0.001319 0.024171
0.001758 0.019777
0.001758 0.018788
0.001429 0.018788
0.001978 0.020655
0.002418 0.018788
0.002967 0.010989
0.002308 0.018678
0.001538 0.018678
0.001429 0.027466
0.001978 0.010989
0.002308 0.012087
0.003297 0.017581
0.002967 0.018349
0.002308 0.018459
0.002308 0.018459
0.002527 0.019778
0.002747 0.020875
0.003297 0.031857
0.002747 0.022962
0.003077 0.023511
0.002527 0.024171
0.002967 0.021864
0.004396 0.021205
0.003297 0.021205
0.001868 0.021425
0.002527 0.025269
0.002418 0.021644
0.002747 0.012087
0.002747 0.029662
0.002747 0.019777
0.002747 0.021534
0.001978 0.021205
0.002418 0.020656
0.001758 0.017581
0.001758 0.015383
0.001758 0.020546
0.002418 0.023073
0.002418 0.022523
0.001648 0.029662
0.000989 0.014285
0.000110 0.018789
0.000000 0.016482
0.000000 0.019009
0.000000 0.019009
0.000000 0.018899
0.000000 0.016482
0.000330 0.024171
0.000330 0.019778
0.000879 0.023073
0.000220 0.019338
0.000879 0.029662
0.000879 0.021535
-0.000000 0.017581
0.000879 0.022523
0.000879 0.014285
-0.000000 0.016482
0.000549 0.024939
0.000220 0.026806
0.000220 0.023073
0.000879 0.035150
0.000879 0.027025
0.001099 0.027025
0.001429 0.026366
0.001429 0.021974
0.000549 0.027574
-0.000110 0.027574
-0.000110 0.019778
-0.000110 0.036248
-0.000110 0.025158
-0.000110 0.025158
-0.000330 0.026256
-0.000000 0.028013
-0.000000 0.027794
0.000989 0.037345
-0.000000 0.038443
-0.001319 0.029550
-0.002747 0.014285
-0.002967 0.025048
-0.003956 0.021423
-0.004615 0.022740
-0.004615 0.032955
-0.004615 0.022191
-0.003626 0.023729
-0.003626 0.019664
-0.002967 0.025269
-0.003407 0.021972
-0.003407 0.020434
-0.002967 0.017469
-0.002527 0.020106
-0.002527 0.020106
-0.003297 0.020106
-0.002527 0.026368
-0.002527 0.024280
-0.000989 0.021314
-0.000440 0.029662
-0.000549 0.021314
-0.002088 0.019337
-0.000769 0.020875
-0.000769 0.020875
0.000330 0.017581
0.001209 0.019778
0.000769 0.021753
0.000659 0.026368
-0.000440 0.018788
0.000659 0.016041
0.000659 0.017140
0.001758 0.026368
0.001099 0.018019
0.002198 0.020546
0.002637 0.020216
0.002967 0.013186
0.002967 0.019778
0.002308 0.015273
0.002198 0.017690
0.001429 0.017690
0.001099 0.017580
0.002088 0.015822
0.002088 0.016042
0.002747 0.016042
0.002088 0.013186
0.002747 0.009890
0.002747 0.013515
0.002198 0.013515
0.001538 0.016371
0.002088 0.019117
0.001978 0.018678
0.002308 0.020326
0.001868 0.021753
0.002637 0.026368
0.003407 0.016482
0.004176 0.019337
0.005165 0.021753
0.005714 0.021973
0.005714 0.022193
0.004835 0.029662
0.005934 0.023731
0.005934 0.026147
0.005934 0.023731
0.004835 0.021424
0.004505 0.025269
0.004066 0.025158
0.002857 0.021973
0.002637 0.025158
0.002418 0.024609
0.002308 0.030760
0.000549 0.022412
-0.000659 0.031857
-0.000659 0.025816
-0.001319 0.025816
-0.000440 0.028564
-0.000440 0.027682
-0.000440 0.024718
-0.001209 0.021643
-0.000879 0.021643
-0.001538 0.019007
-0.000549 0.019995
-0.000110 0.016920
0.001099 0.016920
-0.000989 0.012087
-0.001868 0.019446
-0.001868 0.012087
-0.001868 0.020214
-0.002637 0.017688
-0.002637 0.018679
-0.002637 0.016589
-0.002637 0.017796
-0.002637 0.014941
-0.001538 0.014282
-0.001319 0.014392
-0.000330 0.014392
-0.001319 0.014392
-0.000440 0.018346
0.000659 0.017907
0.000549 0.015381
0.000989 0.018236
0.000989 0.019884
0.001758 0.022739
0.000769 0.021312
0.001538 0.020544
0.000989 0.022739
-0.000110 0.012087
-0.001209 0.026363
-0.000549 0.028341
-0.000110 0.041734
-0.000110 0.040637
-0.000659 0.027902
-0.000659 0.036248
-0.000659 0.031415
0.000220 0.042831
0.001209 0.018679
0.001099 0.046121
0.001099 0.026368
0.001099 0.032955
0.002198 0.050506
0.002308 0.047218
0.001538 0.050506
0.002198 0.026368
0.001978 0.041734
0.003187 0.037345
0.003187 0.036027
0.004286 0.036576
0.003626 0.036466
0.002527 0.026368
0.002088 0.040637
0.003077 0.035150
0.003077 0.025269
0.003297 0.032954
0.004286 0.033173
0.004286 0.047218
0.005385 0.030539
0.006483 0.028892
0.006483 0.027245
0.006373 0.026476
0.006044 0.024610
0.007143 0.024610
0.007143 0.026367
0.006593 0.020876
0.006044 0.024610
0.005165 0.037345
0.004176 0.025269
0.003407 0.018679
0.003407 0.028564
0.004396 0.016482
0.004396 0.023073
0.004615 0.024171
0.004945 0.018679
0.003736 0.013186
0.002747 0.020327
0.002747 0.020327
0.001758 0.020986
0.001758 0.020986
0.002198 0.020986
0.002198 0.021755
0.002198 0.021755
0.002198 0.020217
0.003297 0.029662
0.002637 0.021095
0.001758 0.021205
0.001758 0.021974
0.001429 0.024280
0.001429 0.025597
0.001429 0.020876
0.002527 0.025707
0.002198 0.019778
0.001429 0.027355
0.001319 0.027464
0.000220 0.027464
0.000440 0.024829
0.000440 0.022413
-0.000220 0.024171
0.000769 0.021205
0.001209 0.021644
0.000440 0.024170
0.000440 0.024170
0.000220 0.025817
-0.000989 0.025817
-0.000549 0.021974
-0.000440 0.036248
-0.000440 0.028564
0.000110 0.022302
-0.000440 0.022302
-0.000549 0.020436
0.000110 0.012087
0.000769 0.018239
0.001099 0.021974
0.000769 0.021424
0.001209 0.020655
0.001868 0.018569
0.002198 0.016701
0.001538 0.016701
0.001538 0.009890
0.001978 0.018569
0.001978 0.013186
0.002857 0.020876
0.002747 0.017250
0.003956 0.017581
0.003956 0.012087
0.003956 0.017250
0.003956 0.019227
0.003956 0.019227
0.003736 0.026368
0.003516 0.010989
0.002967 0.014394
0.002747 0.014284
0.003407 0.014284
0.004396 0.014943
0.005055 0.016591
0.005494 0.017360
0.005824 0.016701
0.005824 0.017360
0.005824 0.017140
0.006264 0.017031
0.005494 0.017909
0.004725 0.019997
0.004725 0.017909
0.004725 0.017909
0.004725 0.019778
0.005494 0.025269
0.005714 0.017470
0.005714 0.013186
0.005494 0.012966
0.005494 0.014285
0.004725 0.010658
0.004725 0.010549
0.005714 0.010109
0.005494 0.008021
0.005165 0.009670
0.004725 0.011867
0.005494 0.011867
0.006264 0.013405
0.006813 0.015053
0.007692 0.016262
0.007472 0.014724
0.008022 0.014724
0.008461 0.014284
0.008022 0.014834
0.008132 0.014394
0.008901 0.014065
0.008461 0.016482
0.009560 0.013955
0.010000 0.013955
0.009890 0.012746
0.009890 0.012746
0.010879 0.017581
0.010329 0.012636
0.007692 0.011757
0.009121 0.013076
0.010989 0.013076
0.009011 0.016482
0.007912 0.018679
0.006593 0.016482
0.006813 0.010989
0.006813 0.017581
0.005934 0.016812
0.004945 0.016372
0.005934 0.016372
0.006703 0.016372
0.007582 0.017581
0.008791 0.016042
0.006593 0.008791
0.004396 0.014285
0.007143 0.014285
0.005714 0.015273
0.004835 0.017581
0.003626 0.016152
0.003626 0.015713
0.003626 0.015493
0.003626 0.017031
0.004176 0.012087
0.004176 0.009890
0.003626 0.017031
0.003407 0.018679
0.003626 0.015383
0.003297 0.019777
0.002637 0.019777
0.001758 0.021424
0.000989 0.021973
0.000989 0.021973
0.001429 0.028564
0.002418 0.014285
0.003736 0.014285
0.004835 0.026368
0.004396 0.038443
0.003846 0.014285
0.003297 0.013186
0.004505 0.026255
0.003736 0.023729
0.003077 0.023729
0.002967 0.025816
0.003077 0.026585
0.003077 0.037345
0.002418 0.025597
0.002857 0.014285
0.002637 0.021095
0.002747 0.021863
0.003187 0.023840
0.002637 0.026146
0.002198 0.027354
0.002198 0.034053
0.002198 0.027463
0.002308 0.030647
0.002088 0.027243
0.002308 0.036248
0.004396 0.021974
0.002967 0.017581
0.003516 0.025269
0.004396 0.010989
0.004066 0.017910
0.003516 0.019777
0.004396 0.018788
0.003516 0.018788
0.003516 0.018459
0.004066 0.020107
0.004396 0.021864
0.004176 0.021864
0.004066 0.023292
0.003297 0.013186
0.004615 0.021974
0.004396 0.023292
0.006593 0.017581
0.005055 0.026368
0.005385 0.022853
0.006264 0.032955
0.007362 0.023073
0.008351 0.028564
0.009450 0.023073
0.008791 0.021425
0.010549 0.019887
0.011648 0.031857
0.012746 0.027466
0.011758 0.030760
0.014285 0.021425
0.016482 0.021425
0.011758 0.021644
0.012307 0.016482
0.006593 0.023731
0.011098 0.016482
0.011098 0.023182
0.015383 0.029662
0.012087 0.013186
0.016482 0.019887
0.010769 0.020546
0.010329 0.020546
0.011538 0.020546
0.010329 0.019008
0.010219 0.017910
0.010549 0.015823
0.009560 0.024171
0.010989 0.021974
0.007033 0.015823
0.007912 0.020876
0.007582 0.017031
0.007582 0.019778
0.007252 0.019887
0.006044 0.015383
0.004725 0.019667
0.002198 0.018789
0.003516 0.021095
0.004396 0.014285
0.003516 0.016482
0.003956 0.017910
0.002198 0.023073
0.004396 0.019777
0.003516 0.019777
0.003516 0.019008
0.003297 0.008791
0.003516 0.017800
0.003516 0.019338
0.002747 0.018239
0.002747 0.018679
0.002198 0.023073
0.003516 0.017470
0.004066 0.015383
0.004066 0.016701
0.003626 0.017580
0.004396 0.018679
0.004396 0.023073
0.005165 0.024171
0.006044 0.016811
0.006923 0.017470
0.006044 0.017251
0.007692 0.017141
0.006044 0.015603
0.007692 0.013186
0.006044 0.014834
0.006813 0.018679
0.006703 0.015383
0.009890 0.013515
0.006044 0.012746
0.005055 0.012746
0.004725 0.012746
0.004835 0.012966
0.005275 0.011538
0.005385 0.014285
0.004505 0.011428
0.003297 0.007692
0.004615 0.010879
0.003846 0.010879
0.004396 0.015383
0.004066 0.008791
0.003626 0.006593
0.002747 0.010000
0.002527 0.010000
0.002308 0.010000
0.002198 0.006593
0.001099 0.010000
0.001868 0.010000
0.001099 0.009011
0.000769 0.010000
0.000220 0.013186
0.001099 0.009121
0.000769 0.010329
0.000769 0.010989
0.000769 0.010989
0.000769 0.005494
0.000110 0.008351
0.000769 0.009779
0.000769 0.009779
0.001319 0.011428
0.001319 0.011647
0.001099 0.013515
0.001538 0.012636
0.001099 0.012636
0.001319 0.012636
0.001429 0.012636
0.001758 0.011427
0.002088 0.012307
0.002088 0.010109
0.001538 0.011318
0.001319 0.012746
0.001319 0.014833
0.001209 0.015382
0.001209 0.017581
0.000659 0.010439
0.000659 0.008461
0.000659 0.008681
0.000220 0.006373
0.000989 0.007582
0.001758 0.006593
0.001758 0.008351
0.001758 0.009890
0.001209 0.006593
0.001209 0.008351
0.000330 0.007582
0.001209 0.007252
0.001538 0.006593
0.001538 0.008900
0.001758 0.007033
0.001758 0.007033
0.002527 0.007033
0.001648 0.007033
0.001648 0.007362
0.002418 0.007692
0.001429 0.008131
0.001978 0.007362
0.001209 0.006813
0.001209 0.008131
0.001538 0.009890
0.002527 0.008571
0.002857 0.008241
0.002857 0.007582
0.003736 0.008681
0.003297 0.010769
0.003626 0.010769
0.004505 0.011208
0.004505 0.011208
0.006593 0.012746
0.005055 0.007692
0.005494 0.014394
0.005055 0.013406
0.005275 0.011867
0.006044 0.016482
0.008791 0.011318
0.005494 0.010659
0.005934 0.010989
0.009890 0.010109
0.005934 0.008571
0.005275 0.010000
0.004396 0.006593
0.005494 0.008681
0.004835 0.008681
0.005494 0.008132
0.003297 0.008132
0.004176 0.007472
0.003956 0.008681
0.004835 0.008681
0.004505 0.008681
0.003297 0.008681
0.005275 0.010989
0.005604 0.009670
0.005604 0.009670
0.005055 0.009670
0.005275 0.010989
0.005385 0.005494
0.004396 0.010879
0.004945 0.007692
0.004945 0.010879
0.005275 0.010549
0.003297 0.010549
0.004835 0.010329
0.005494 0.010329
0.004176 0.009890
0.004176 0.010329
0.004066 0.012307
0.004725 0.010989
0.003297 0.017581
0.004396 0.014614
0.004396 0.015603
0.006593 0.019778
0.002198 0.017031
0.004176 0.015273
0.004835 0.014285
0.005385 0.018679
0.004396 0.010989
0.005275 0.018459
0.005275 0.018459
0.005604 0.017250
0.005275 0.015383
0.005165 0.007692
0.004615 0.014504
0.004396 0.013955
0.004505 0.012636
0.003297 0.012636
0.004396 0.012526
0.004615 0.012746
0.005275 0.014614
0.004396 0.013076
0.003846 0.012416
0.004176 0.010988
0.003626 0.006593
0.003626 0.012197
0.003626 0.012197
0.002857 0.016482
0.002198 0.012197
0.002857 0.013735
0.003407 0.011977
0.003736 0.009999
0.004615 0.009010
0.003846 0.007033
0.002527 0.006373
0.003297 0.007692
0.002198 0.007692
0.002198 0.003956
0.002198 0.003407
0.002967 0.001868
0.002527 0.001648
0.002527 0.000549
0.002418 0.000989
0.002418 0.000879
0.004396 0.000879
0.003077 0.001538
0.001758 0.001538
0.003077 0.002418
0.003077 0.002418
0.003297 0.001978
0.003077 0.001978
0.003077 0.000440
0.002747 0.000440
0.003297 0.000440
0.003297 0.002088
0.003626 0.000659
0.002308 0.000659
0.002198 0.000659
0.003516 -0.000769
0.003516 -0.000769
0.004066 -0.002088
0.003297 -0.002088
0.003187 -0.002088
0.004286 -0.000659
0.004286 0.000879
0.004945 0.000879
0.005384 0.001538
0.004286 0.001758
0.003407 0.000769
0.003516 0.001978
0.003077 0.000879
0.002088 0.002418
0.001538 0.003297
0.000549 0.003736
-0.000000 0.003407
-0.000000 0.002967
0.000549 0.002967
0.000549 0.002967
-0.000000 0.002967
-0.000000 0.003516
-0.000000 0.001868
0.000549 0.001868
0.001099 0.001868
0.001099 0.005494
0.000549 0.001868
0.001099 0.001429
0.001648 0.002088
0.001758 -0.000220
0.001209 0.002088
0.000659 0.002088
0.000659 0.004176
0.000989 0.004176
0.000989 0.002088
0.000989 0.002088
0.000989 0.002308
0.000989 0.002308
0.001099 0.001758
0.001099 0.002967
0.001538 0.002198
0.001868 0.001758
0.002857 0.004505
0.003846 0.002637
0.003846 0.003736
0.003846 0.003077
0.004945 0.001209
0.006154 0.001868
0.006593 0.004615
0.006593 0.002527
0.006703 -0.000220
0.006373 -0.000220
0.007692 0.000220
0.005384 0.002857
0.004835 0.000879
0.004945 0.001099
0.004945 0.000879
0.004835 0.003736
0.004835 0.002967
0.005934 0.005384
0.007143 0.002527
0.007143 0.002527
0.005934 0.002527
0.006044 0.002527
0.004835 0.005054
0.004615 0.003846
0.005275 0.001648
0.004066 -0.000000
0.004286 0.001209
0.005494 0.001209
0.004286 0.001648
0.003187 0.003077
0.003077 0.000879
0.003077 0.002637
0.003956 0.000440
0.004176 0.000769
0.003187 0.002747
0.002967 0.003187
0.002088 0.003077
0.001429 0.004396
0.002088 0.005824
0.002747 0.005165
0.002747 0.005494
0.003626 0.005604
0.004396 0.006154
0.004286 0.004615
0.005275 0.006154
0.005275 0.004615
0.004615 0.006154
0.003736 0.006154
0.003736 0.007802
0.006593 0.007143
0.005385 0.005604
0.005385 0.007143
0.005385 0.005604
0.004615 0.008791
0.004835 0.008241
0.004835 0.010329
0.004176 0.011867
0.003407 0.011867
0.003407 0.015383
0.003407 0.011867
0.002198 0.014065
0.003407 0.014065
0.003407 0.014065
0.003187 0.008791
0.003956 0.016042
0.004066 0.013845
0.004176 0.012526
0.004725 0.013954
0.003956 0.013954
0.003516 0.012965
0.002637 0.015492
0.002637 0.016371
0.002747 0.019007
0.003516 0.021315
0.002857 0.019886
0.002857 0.029662
0.002418 0.019337
0.003297 0.019886
0.003297 0.021974
0.003297 0.020436
0.003297 0.022853
0.003297 0.015383
0.003626 0.025379
0.003297 0.025379
0.002308 0.024171
0.002198 0.032955
0.002857 0.030760
0.002857 0.024171
0.004286 0.023512
0.004286 0.019778
0.004286 0.023512
0.002308 0.023622
0.001538 0.018679
0.002527 0.025269
0.000440 0.022962
0.000440 0.022962
0.000330 0.030760
-0.000110 0.024720
0.001319 0.013186
0.000110 0.026257
0.001758 0.037345
0.000000 0.017581
-0.002417 0.023073
-0.003187 0.025707
-0.005494 0.029110
-0.005494 0.031854
-0.003846 0.034927
-0.003846 0.033172
-0.006263 0.033062
-0.008790 0.036024
-0.009010 0.032621
-0.010658 0.032955
-0.012856 0.028667
-0.011207 0.027571
-0.008900 0.030316
-0.006483 0.026034
-0.006483 0.026692
-0.003626 0.027571
-0.003626 0.027132
-0.001758 0.027132
-0.003846 0.023179
-0.001538 0.029662
-0.001758 0.018128
-0.001758 0.021203
0.000440 0.020983
0.000110 0.023180
0.000879 0.019778
0.000879 0.024278
0.000769 0.023619
0.001538 0.020325
0.001099 0.022852
0.001648 0.026368
0.002857 0.018679
0.004066 0.019777
0.004395 0.018678
0.003846 0.021974
0.002637 0.012087
0.001758 0.017470
0.002418 0.019447
0.004396 0.025269
0.003297 0.019557
0.002198 0.021535
0.003516 0.022742
0.003516 0.022523
0.002198 0.029662
0.003297 0.021974
0.002637 0.027466
0.002637 0.020326
0.002198 0.018679
0.001868 0.015383
0.001868 0.021864
0.001868 0.022852
0.002527 0.024390
0.002527 0.024390
0.001868 0.024390
0.000989 0.031857
0.001099 0.025708
0.001099 0.029662
0.001099 0.022633
0.001758 0.024171
0.001099 0.022853
0.000769 0.024281
0.000769 0.023072
0.000769 0.014285
0.001099 0.024390
0.000989 0.032955
0.001648 0.027466
0.001868 0.021535
0.000989 0.019997
0.000989 0.026368
0.001868 0.026368
0.002637 0.016482
0.002527 0.010989
0.001758 0.021974
0.001758 0.024171
0.001648 0.018239
0.001648 0.018239
0.001648 0.015383
0.001758 0.018239
0.001538 0.018679
0.002198 0.019448
0.000769 0.012087
0.000659 0.019118
0.000440 0.019118
0.000440 0.019118
0.000549 0.018679
-0.000000 0.014285
-0.000659 0.020546
-0.000220 0.010989
-0.000220 0.022413
-0.000220 0.022303
0.000110 0.022303
-0.000110 0.022413
-0.000110 0.024390
-0.000769 0.024390
-0.000769 0.032955
-0.000769 0.023073
-0.000220 0.028564
0.000110 0.029551
0.000110 0.035150
0.000110 0.040637
-0.001099 0.028564
-0.000769 0.019778
-0.000110 0.028893
0.000549 0.023073
0.000549 0.030100
-0.000110 0.015383
-0.000769 0.029771
-0.000330 0.029551
0.000110 0.041734
0.000440 0.035150
0.000440 0.027026
0.000440 0.030760
0.000440 0.015383
0.000440 0.027026
0.000440 0.027026
0.000440 0.025269
0.000440 0.026368
0.000440 0.035150
0.000440 0.027026
0.000440 0.031857
0.000440 0.015383
0.000440 0.032955
0.000440 0.027026
0.000440 0.027026
